          1  0.000000D+00  0.000000D+00  0.000000D+00
          2 -0.991827D+00  0.236408D-01 -0.305449D+00
          3 -0.105118D+01  0.701188D-01 -0.196107D+00
          4 -0.105371D+01  0.589433D-01 -0.133700D+00
          5 -0.108660D+01  0.463924D-01 -0.104726D+00
          6 -0.114365D+01  0.388438D-01 -0.902687D-01
          7 -0.121298D+01  0.343637D-01 -0.821213D-01
          8 -0.128501D+01  0.316266D-01 -0.766575D-01
          9 -0.135671D+01  0.297808D-01 -0.726252D-01
         10 -0.142393D+01  0.284267D-01 -0.691732D-01
         11 -0.148999D+01  0.273918D-01 -0.664145D-01
         12 -0.155225D+01  0.265604D-01 -0.639518D-01
         13 -0.161370D+01  0.259414D-01 -0.619164D-01
         14 -0.167052D+01  0.254232D-01 -0.599637D-01
         15 -0.172606D+01  0.249500D-01 -0.582472D-01
         16 -0.177677D+01  0.245087D-01 -0.565417D-01
         17 -0.182732D+01  0.241894D-01 -0.550767D-01
         18 -0.187476D+01  0.238766D-01 -0.536623D-01
         19 -0.192211D+01  0.236592D-01 -0.524251D-01
         20 -0.196336D+01  0.233188D-01 -0.510724D-01
         21 -0.200463D+01  0.230626D-01 -0.498744D-01
         22 -0.204253D+01  0.227684D-01 -0.486727D-01
         23 -0.207885D+01  0.224890D-01 -0.475340D-01
         24 -0.211435D+01  0.222437D-01 -0.464758D-01
         25 -0.214669D+01  0.219530D-01 -0.454060D-01
         26 -0.217852D+01  0.216976D-01 -0.444129D-01
         27 -0.220835D+01  0.214291D-01 -0.434398D-01
         28 -0.223678D+01  0.211630D-01 -0.425018D-01
         29 -0.226397D+01  0.208995D-01 -0.415989D-01
         30 -0.228956D+01  0.206286D-01 -0.407170D-01
         31 -0.231398D+01  0.203610D-01 -0.398659D-01
         32 -0.233726D+01  0.200944D-01 -0.390421D-01
         33 -0.235902D+01  0.198179D-01 -0.382339D-01
         34 -0.237988D+01  0.195472D-01 -0.374546D-01
         35 -0.239973D+01  0.192767D-01 -0.366984D-01
         36 -0.241900D+01  0.190169D-01 -0.359735D-01
         37 -0.243738D+01  0.187584D-01 -0.352699D-01
         38 -0.245493D+01  0.185021D-01 -0.345873D-01
         39 -0.247158D+01  0.182455D-01 -0.339224D-01
         40 -0.248753D+01  0.179920D-01 -0.332777D-01
         41 -0.250305D+01  0.177470D-01 -0.326570D-01
         42 -0.251775D+01  0.175012D-01 -0.320511D-01
         43 -0.253196D+01  0.172609D-01 -0.314650D-01
         44 -0.254563D+01  0.170246D-01 -0.308965D-01
         45 -0.255881D+01  0.167923D-01 -0.303450D-01
         46 -0.257149D+01  0.165635D-01 -0.298094D-01
         47 -0.258376D+01  0.163397D-01 -0.292902D-01
         48 -0.259562D+01  0.161195D-01 -0.287860D-01
         49 -0.260704D+01  0.159027D-01 -0.282958D-01
         50 -0.261823D+01  0.156924D-01 -0.278218D-01
         51 -0.262897D+01  0.154842D-01 -0.273598D-01
         52 -0.263941D+01  0.152803D-01 -0.269111D-01
         53 -0.264957D+01  0.150808D-01 -0.264755D-01
         54 -0.265946D+01  0.148852D-01 -0.260522D-01
         55 -0.266905D+01  0.146931D-01 -0.256402D-01
         56 -0.267839D+01  0.145048D-01 -0.252397D-01
         57 -0.268748D+01  0.143201D-01 -0.248500D-01
         58 -0.269641D+01  0.141399D-01 -0.244717D-01
         59 -0.270506D+01  0.139622D-01 -0.241026D-01
         60 -0.271354D+01  0.137884D-01 -0.237437D-01
         61 -0.272183D+01  0.136181D-01 -0.233944D-01
         62 -0.272994D+01  0.134510D-01 -0.230541D-01
         63 -0.273790D+01  0.132875D-01 -0.227229D-01
         64 -0.274571D+01  0.131275D-01 -0.224003D-01
         65 -0.275335D+01  0.129702D-01 -0.220858D-01
         66 -0.276085D+01  0.128160D-01 -0.217793D-01
         67 -0.276822D+01  0.126648D-01 -0.214805D-01
         68 -0.277545D+01  0.125164D-01 -0.211891D-01
         69 -0.278257D+01  0.123709D-01 -0.209050D-01
         70 -0.278957D+01  0.122281D-01 -0.206277D-01
         71 -0.279647D+01  0.120882D-01 -0.203573D-01
         72 -0.280326D+01  0.119509D-01 -0.200934D-01
         73 -0.280996D+01  0.118161D-01 -0.198357D-01
         74 -0.281656D+01  0.116839D-01 -0.195843D-01
         75 -0.282308D+01  0.115541D-01 -0.193387D-01
         76 -0.282951D+01  0.114268D-01 -0.190989D-01
         77 -0.283587D+01  0.113017D-01 -0.188646D-01
         78 -0.284215D+01  0.111790D-01 -0.186357D-01
         79 -0.284836D+01  0.110585D-01 -0.184120D-01
         80 -0.285450D+01  0.109402D-01 -0.181934D-01
         81 -0.286057D+01  0.108240D-01 -0.179797D-01
         82 -0.286659D+01  0.107099D-01 -0.177708D-01
         83 -0.287255D+01  0.105978D-01 -0.175664D-01
         84 -0.287845D+01  0.104877D-01 -0.173666D-01
         85 -0.288433D+01  0.103802D-01 -0.171713D-01
         86 -0.289014D+01  0.102740D-01 -0.169801D-01
         87 -0.289590D+01  0.101697D-01 -0.167929D-01
         88 -0.290161D+01  0.100671D-01 -0.166098D-01
         89 -0.290728D+01  0.996632D-02 -0.164305D-01
         90 -0.291291D+01  0.986727D-02 -0.162549D-01
         91 -0.291851D+01  0.976991D-02 -0.160831D-01
         92 -0.292406D+01  0.967419D-02 -0.159147D-01
         93 -0.292958D+01  0.958009D-02 -0.157499D-01
         94 -0.293507D+01  0.948756D-02 -0.155884D-01
         95 -0.294053D+01  0.939658D-02 -0.154301D-01
         96 -0.294596D+01  0.930710D-02 -0.152751D-01
         97 -0.295136D+01  0.921909D-02 -0.151231D-01
         98 -0.295674D+01  0.913252D-02 -0.149742D-01
         99 -0.296209D+01  0.904736D-02 -0.148282D-01
        100 -0.296741D+01  0.896357D-02 -0.146850D-01
        101 -0.297271D+01  0.888113D-02 -0.145446D-01
        102 -0.297799D+01  0.880001D-02 -0.144069D-01
        103 -0.298325D+01  0.872018D-02 -0.142719D-01
        104 -0.298849D+01  0.864161D-02 -0.141395D-01
        105 -0.299374D+01  0.856478D-02 -0.140097D-01
        106 -0.299894D+01  0.848871D-02 -0.138822D-01
        107 -0.300413D+01  0.841383D-02 -0.137570D-01
        108 -0.300931D+01  0.834011D-02 -0.136342D-01
        109 -0.301447D+01  0.826753D-02 -0.135137D-01
        110 -0.301961D+01  0.819607D-02 -0.133954D-01
        111 -0.302474D+01  0.812571D-02 -0.132792D-01
        112 -0.302986D+01  0.805642D-02 -0.131651D-01
        113 -0.303497D+01  0.798818D-02 -0.130531D-01
        114 -0.304006D+01  0.792096D-02 -0.129430D-01
        115 -0.304515D+01  0.785476D-02 -0.128349D-01
        116 -0.305022D+01  0.778954D-02 -0.127288D-01
        117 -0.305529D+01  0.772528D-02 -0.126245D-01
        118 -0.306034D+01  0.766198D-02 -0.125220D-01
        119 -0.306539D+01  0.759960D-02 -0.124212D-01
        120 -0.307043D+01  0.753813D-02 -0.123222D-01
        121 -0.307546D+01  0.747755D-02 -0.122249D-01
        122 -0.308048D+01  0.741785D-02 -0.121293D-01
        123 -0.308550D+01  0.735901D-02 -0.120353D-01
        124 -0.309051D+01  0.730100D-02 -0.119428D-01
        125 -0.309551D+01  0.724383D-02 -0.118519D-01
        126 -0.310053D+01  0.718785D-02 -0.117626D-01
        127 -0.310552D+01  0.713232D-02 -0.116747D-01
        128 -0.311051D+01  0.707756D-02 -0.115882D-01
        129 -0.311549D+01  0.702358D-02 -0.115032D-01
        130 -0.312047D+01  0.697035D-02 -0.114195D-01
        131 -0.312545D+01  0.691787D-02 -0.113372D-01
        132 -0.313042D+01  0.686610D-02 -0.112561D-01
        133 -0.313538D+01  0.681505D-02 -0.111764D-01
        134 -0.314035D+01  0.676470D-02 -0.110980D-01
        135 -0.314530D+01  0.671504D-02 -0.110207D-01
        136 -0.315026D+01  0.666605D-02 -0.109447D-01
        137 -0.315521D+01  0.661772D-02 -0.108699D-01
        138 -0.316016D+01  0.657004D-02 -0.107962D-01
        139 -0.316511D+01  0.652300D-02 -0.107237D-01
        140 -0.317005D+01  0.647658D-02 -0.106523D-01
        141 -0.317500D+01  0.643078D-02 -0.105819D-01
        142 -0.317994D+01  0.638558D-02 -0.105127D-01
        143 -0.318487D+01  0.634097D-02 -0.104445D-01
        144 -0.318981D+01  0.629695D-02 -0.103773D-01
        145 -0.319474D+01  0.625349D-02 -0.103111D-01
        146 -0.319969D+01  0.621089D-02 -0.102459D-01
        147 -0.320462D+01  0.616858D-02 -0.101817D-01
        148 -0.320955D+01  0.612682D-02 -0.101184D-01
        149 -0.321447D+01  0.608560D-02 -0.100560D-01
        150 -0.321940D+01  0.604490D-02 -0.999455D-02
        151 -0.322433D+01  0.600473D-02 -0.993397D-02
        152 -0.322925D+01  0.596506D-02 -0.987426D-02
        153 -0.323417D+01  0.592590D-02 -0.981540D-02
        154 -0.323909D+01  0.588723D-02 -0.975738D-02
        155 -0.324401D+01  0.584905D-02 -0.970019D-02
        156 -0.324893D+01  0.581134D-02 -0.964380D-02
        157 -0.325385D+01  0.577410D-02 -0.958820D-02
        158 -0.325877D+01  0.573732D-02 -0.953337D-02
        159 -0.326369D+01  0.570100D-02 -0.947931D-02
        160 -0.326860D+01  0.566512D-02 -0.942599D-02
        161 -0.327352D+01  0.562968D-02 -0.937341D-02
        162 -0.327843D+01  0.559467D-02 -0.932154D-02
        163 -0.328334D+01  0.556008D-02 -0.927038D-02
        164 -0.328826D+01  0.552592D-02 -0.921992D-02
        165 -0.329317D+01  0.549216D-02 -0.917013D-02
        166 -0.329809D+01  0.545890D-02 -0.912103D-02
        167 -0.330300D+01  0.542608D-02 -0.907260D-02
        168 -0.330791D+01  0.539354D-02 -0.902478D-02
        169 -0.331282D+01  0.536139D-02 -0.897759D-02
        170 -0.331773D+01  0.532963D-02 -0.893102D-02
        171 -0.332264D+01  0.529824D-02 -0.888506D-02
        172 -0.332755D+01  0.526722D-02 -0.883971D-02
        173 -0.333246D+01  0.523657D-02 -0.879493D-02
        174 -0.333737D+01  0.520627D-02 -0.875074D-02
        175 -0.334228D+01  0.517633D-02 -0.870712D-02
        176 -0.334718D+01  0.514674D-02 -0.866405D-02
        177 -0.335209D+01  0.511749D-02 -0.862153D-02
        178 -0.335699D+01  0.508858D-02 -0.857955D-02
        179 -0.336190D+01  0.506001D-02 -0.853809D-02
        180 -0.336680D+01  0.503176D-02 -0.849716D-02
        181 -0.337171D+01  0.500383D-02 -0.845674D-02
        182 -0.337661D+01  0.497622D-02 -0.841682D-02
        183 -0.338152D+01  0.494893D-02 -0.837740D-02
        184 -0.338642D+01  0.492194D-02 -0.833846D-02
        185 -0.339132D+01  0.489526D-02 -0.830000D-02
        186 -0.339622D+01  0.486888D-02 -0.826201D-02
        187 -0.340113D+01  0.484295D-02 -0.822451D-02
        188 -0.340603D+01  0.481717D-02 -0.818744D-02
        189 -0.341093D+01  0.479168D-02 -0.815081D-02
        190 -0.341583D+01  0.476648D-02 -0.811462D-02
        191 -0.342073D+01  0.474156D-02 -0.807887D-02
        192 -0.342563D+01  0.471691D-02 -0.804354D-02
        193 -0.343053D+01  0.469254D-02 -0.800862D-02
        194 -0.343543D+01  0.466844D-02 -0.797412D-02
        195 -0.344033D+01  0.464460D-02 -0.794002D-02
        196 -0.344522D+01  0.462102D-02 -0.790633D-02
        197 -0.345012D+01  0.459771D-02 -0.787302D-02
        198 -0.345501D+01  0.457464D-02 -0.784010D-02
        199 -0.345991D+01  0.455183D-02 -0.780756D-02
        200 -0.346480D+01  0.452927D-02 -0.777539D-02
        201 -0.346969D+01  0.450694D-02 -0.774359D-02
        202 -0.347459D+01  0.448486D-02 -0.771215D-02
        203 -0.347948D+01  0.446302D-02 -0.768107D-02
        204 -0.348437D+01  0.444141D-02 -0.765034D-02
        205 -0.348926D+01  0.442003D-02 -0.761995D-02
        206 -0.349415D+01  0.439888D-02 -0.758991D-02
        207 -0.349904D+01  0.437807D-02 -0.756022D-02
        208 -0.350393D+01  0.435738D-02 -0.753084D-02
        209 -0.350882D+01  0.433691D-02 -0.750179D-02
        210 -0.351370D+01  0.431666D-02 -0.747305D-02
        211 -0.351859D+01  0.429662D-02 -0.744463D-02
        212 -0.352347D+01  0.427679D-02 -0.741652D-02
        213 -0.352835D+01  0.425717D-02 -0.738871D-02
        214 -0.353323D+01  0.423776D-02 -0.736121D-02
        215 -0.353812D+01  0.421855D-02 -0.733400D-02
        216 -0.354299D+01  0.419955D-02 -0.730708D-02
        217 -0.354787D+01  0.418074D-02 -0.728046D-02
        218 -0.355275D+01  0.416213D-02 -0.725411D-02
        219 -0.355763D+01  0.414371D-02 -0.722805D-02
        220 -0.356250D+01  0.412548D-02 -0.720226D-02
        221 -0.356738D+01  0.410743D-02 -0.717674D-02
        222 -0.357225D+01  0.408958D-02 -0.715148D-02
        223 -0.357712D+01  0.407191D-02 -0.712650D-02
        224 -0.358199D+01  0.405442D-02 -0.710177D-02
        225 -0.358686D+01  0.403710D-02 -0.707729D-02
        226 -0.359173D+01  0.401997D-02 -0.705307D-02
        227 -0.359659D+01  0.400300D-02 -0.702910D-02
        228 -0.360146D+01  0.398631D-02 -0.700539D-02
        229 -0.360633D+01  0.396970D-02 -0.698190D-02
        230 -0.361119D+01  0.395326D-02 -0.695866D-02
        231 -0.361605D+01  0.393698D-02 -0.693564D-02
        232 -0.362091D+01  0.392087D-02 -0.691286D-02
        233 -0.362577D+01  0.390493D-02 -0.689031D-02
        234 -0.363062D+01  0.388914D-02 -0.686798D-02
        235 -0.363548D+01  0.387352D-02 -0.684587D-02
        236 -0.364033D+01  0.385805D-02 -0.682398D-02
        237 -0.364518D+01  0.384273D-02 -0.680231D-02
        238 -0.365003D+01  0.382757D-02 -0.678085D-02
        239 -0.365488D+01  0.381256D-02 -0.675960D-02
        240 -0.365973D+01  0.379770D-02 -0.673856D-02
        241 -0.366457D+01  0.378298D-02 -0.671772D-02
        242 -0.366941D+01  0.376841D-02 -0.669708D-02
        243 -0.367426D+01  0.375399D-02 -0.667664D-02
        244 -0.367910D+01  0.373971D-02 -0.665640D-02
        245 -0.368393D+01  0.372556D-02 -0.663635D-02
        246 -0.368877D+01  0.371156D-02 -0.661649D-02
        247 -0.369360D+01  0.369769D-02 -0.659682D-02
        248 -0.369844D+01  0.368403D-02 -0.657734D-02
        249 -0.370327D+01  0.367044D-02 -0.655804D-02
        250 -0.370810D+01  0.365698D-02 -0.653892D-02
