Memuat seri VSOP2013 dan ELP/MPP02...
All series loaded successfully.
Selesai.

============================================================================================================================================
            JD        Tahun       Err EMB (km)     Err Earth (km)      Lon Err (")    Radial Err (km) t (dari J2000)
--------------------------------------------------------------------------------------------------------------------------------------------
      990545.0      -2000.0           1109.911           1108.667           1.5528             12.787         -40.00
     1173170.0      -1500.0            896.029            899.041           1.2541             10.513         -35.00
     1355795.0      -1000.0            667.029            667.448           0.9337              7.656         -30.00
     1538420.0       -500.0            502.539            501.474           0.7032              5.107         -25.00
     1721045.0          0.0            355.984            356.073           0.4974              2.813         -20.00
     1903670.0        500.0            233.876            234.088           0.3254              1.201         -15.00
     2086295.0       1000.0            117.722            117.711           0.1599              0.156         -10.00
     2268920.0       1500.0             57.209             57.207           0.0692             -0.089          -5.00
     2415021.0       1900.0             43.813             43.814           0.0464             -0.016          -1.00
     2451545.0       2000.0             44.253             44.254           0.0475              0.012           0.00
     2469807.0       2050.0             44.721             44.721           0.0486              0.029           0.50
     2634170.0       2500.0             65.831             65.822           0.0836              0.097           5.00
     2816795.0       3000.0            126.509            126.559           0.1731             -0.269          10.00
     2999420.0       3500.0            217.778            217.991           0.3026             -1.242          15.00
     3182045.0       4000.0            379.837            379.298           0.5303             -3.106          20.00
     3364670.0       4500.0            607.605            606.897           0.8488             -5.863          25.00
     3547295.0       5000.0            931.033            933.151           1.3002             -9.380          30.00
     3729920.0       5500.0           1298.882           1300.718           1.8125            -12.925          35.00
     3912545.0       6000.0           1639.532           1634.256           2.2858            -15.390          40.00
============================================================================================================================================

================================================================================
 RINGKASAN DRIFT (ERROR BUJUR)
================================================================================
  t (dari J2000)      Tahun (M)  Error Bujur (")
--------------------------------------------------------------------------------
           -40.0          -2000           1.5528
           -35.0          -1500           1.2541
           -30.0          -1000           0.9337
           -25.0           -500           0.7032
           -20.0              0           0.4974
           -15.0            500           0.3254
           -10.0           1000           0.1599
            -5.0           1500           0.0692
             0.0           2000           0.0475
             5.0           2500           0.0836
            10.0           3000           0.1731
            15.0           3500           0.3026
            20.0           4000           0.5303
            25.0           4500           0.8488
            30.0           5000           1.3002
            35.0           5500           1.8125
            40.0           6000           2.2858
================================================================================

[Program finished]