                                                                               
      **********************************************************************   
      *                                                                    *   
      *                   I E R S   B U L L E T I N - A                    *   
      *                                                                    *   
      *           Rapid Service/Prediction of Earth Orientation            *   
      **********************************************************************   
      20 August 2026                                      Vol. XXXIX No. 034   
      ______________________________________________________________________   
      GENERAL INFORMATION:                                                     
         MJD = Julian Date - 2 400 000.5 days                                  
         UT2-UT1 = 0.022 sin(2*pi*T) - 0.012 cos(2*pi*T)                       
                                     - 0.006 sin(4*pi*T) + 0.007 cos(4*pi*T)   
            where pi = 3.14159265... and T is the date in Besselian years.     
         TT = TAI + 32.184 seconds                                             
         DUT1= (UT1-UTC) transmitted with time signals                         
             = 0.0 seconds beginning 09 April 2026 at 0000 UTC                 
         Beginning 1 January 2017:                                             
            TAI-UTC = 37.000 000 seconds                                       
     ***********************************************************************
     * ANNOUNCEMENTS:                                                      *
     *                                                                     *
     * There will NOT be a leap second introduced in UTC                   *
     * at the end of December 2026.                                        *
     *                                                                     *
     * The primary source for IERS Rapid Service/Prediction Center (RS/PC) *
     * data products is the official IERS RS/PC website:                   *
     *   https://maia.usno.navy.mil                                        *
     *                                                                     *
     * IERS RS/PC products are also available from:                        *
     *   NASA CDDIS: https://cddis.nasa.gov/archive/products/iers/         *
     *   NASA CDDIS: ftps://gdc.cddis.eosdis.nasa.gov/products/iers/       *
     *   IERS Central Bureau: https://datacenter.iers.org/eop.php          *
     *                                                                     *
     * Questions about IERS RS/PC products can be emailed to:              *
     *   eopcp@us.navy.mil                                                 *
     *                                                                     *
     * Distribution statement A:                                           *
     *   Approved for public release: distribution unlimited.              *
     *                                                                     *
     ***********************************************************************
     ________________________________________________________________________  
       The contributed observations used in the preparation of this Bulletin   
       are available at <http://www.usno.navy.mil/USNO/earth-orientation/      
       eo-info/general/input-data>. The contributed analysis results are based 
       on data from Very Long Baseline Interferometry (VLBI), Satellite Laser  
       Ranging (SLR), the Global Positioning System (GPS) satellites, Lunar    
       Laser Ranging (LLR), and meteorological predictions of variations in    
       Atmospheric Angular Momentum (AAM).                                     
     ________________________________________________________________________  
                                                                               
      COMBINED EARTH ORIENTATION PARAMETERS:                                   
                                                                               
                              IERS Rapid Service                               
              MJD      x    error     y    error   UT1-UTC   error             
                       "      "       "      "        s        s               
   26  8 14  61266 0.22309 .00009 0.35517 .00009  0.010383 0.000019          
   26  8 15  61267 0.22314 .00009 0.35411 .00009  0.009447 0.000019          
   26  8 16  61268 0.22300 .00009 0.35302 .00009  0.008505 0.000019          
   26  8 17  61269 0.22248 .00009 0.35201 .00009  0.007759 0.000025          
   26  8 18  61270 0.22165 .00009 0.35114 .00009  0.007235 0.000023          
   26  8 19  61271 0.22070 .00009 0.35031 .00009  0.006893 0.000021          
   26  8 20  61272 0.21962 .00009 0.34959 .00009  0.006718 0.000019          
                                                                               
      _______________________________________________________________________  
                                                                               
      PREDICTIONS:                                                             
      The following formulas will not reproduce the predictions given below,   
      but may be used to extend the predictions beyond the end of this table.  
                                                                               
      x =  0.1513 + 0.1235 cos A - 0.0166 sin A - 0.0606 cos C - 0.0250 sin C  
      y =  0.3782 - 0.0100 cos A - 0.1139 sin A - 0.0250 cos C + 0.0606 sin C  
         UT1-UTC = -0.0582 - 0.00020 (MJD - 61280) - (UT2-UT1)                 
                                                                               
      where A = 2*pi*(MJD-61272)/365.25 and C = 2*pi*(MJD-61272)/435.          
                                                                               
         TAI-UTC(MJD 61273) = 37.0                                             
      The accuracy may be estimated from the expressions:                      
      S x,y = 0.00068 (MJD-61272)**0.80   S t = 0.00025 (MJD-61272)**0.75      
      Estimated accuracies are:  Predictions     10 d   20 d   30 d   40 d     
                                 Polar coord's  0.004  0.007  0.010  0.013     
                                 UT1-UTC        0.0014 0.0024 0.0032 0.0040    
                                                                               
                    MJD      x(arcsec)   y(arcsec)   UT1-UTC(sec)              
       2026  8 21  61273       0.2187      0.3487      0.00674         
       2026  8 22  61274       0.2178      0.3479      0.00687         
       2026  8 23  61275       0.2171      0.3470      0.00706         
       2026  8 24  61276       0.2165      0.3460      0.00723         
       2026  8 25  61277       0.2159      0.3451      0.00732         
       2026  8 26  61278       0.2154      0.3442      0.00725         
       2026  8 27  61279       0.2149      0.3433      0.00699         
       2026  8 28  61280       0.2143      0.3424      0.00649         
       2026  8 29  61281       0.2136      0.3415      0.00578         
       2026  8 30  61282       0.2129      0.3406      0.00488         
       2026  8 31  61283       0.2122      0.3397      0.00390         
       2026  9  1  61284       0.2114      0.3389      0.00296         
       2026  9  2  61285       0.2107      0.3380      0.00215         
       2026  9  3  61286       0.2099      0.3372      0.00157         
       2026  9  4  61287       0.2092      0.3363      0.00117         
       2026  9  5  61288       0.2085      0.3355      0.00091         
       2026  9  6  61289       0.2077      0.3347      0.00070         
       2026  9  7  61290       0.2070      0.3338      0.00042         
       2026  9  8  61291       0.2062      0.3330     -0.00008         
       2026  9  9  61292       0.2055      0.3322     -0.00084         
       2026  9 10  61293       0.2047      0.3314     -0.00187         
       2026  9 11  61294       0.2038      0.3306     -0.00307         
       2026  9 12  61295       0.2030      0.3298     -0.00434         
       2026  9 13  61296       0.2022      0.3290     -0.00552         
       2026  9 14  61297       0.2013      0.3283     -0.00654         
       2026  9 15  61298       0.2004      0.3275     -0.00735         
       2026  9 16  61299       0.1995      0.3268     -0.00793         
       2026  9 17  61300       0.1986      0.3260     -0.00833         
       2026  9 18  61301       0.1977      0.3253     -0.00860         
       2026  9 19  61302       0.1968      0.3246     -0.00882         
       2026  9 20  61303       0.1958      0.3239     -0.00908         
       2026  9 21  61304       0.1949      0.3232     -0.00944         
       2026  9 22  61305       0.1939      0.3225     -0.00997         
       2026  9 23  61306       0.1929      0.3219     -0.01073         
       2026  9 24  61307       0.1919      0.3212     -0.01175         
       2026  9 25  61308       0.1909      0.3206     -0.01301         
       2026  9 26  61309       0.1898      0.3199     -0.01446         
       2026  9 27  61310       0.1888      0.3193     -0.01599         
       2026  9 28  61311       0.1877      0.3187     -0.01746         
       2026  9 29  61312       0.1866      0.3181     -0.01877         
       2026  9 30  61313       0.1855      0.3176     -0.01983         
       2026 10  1  61314       0.1844      0.3170     -0.02063         
       2026 10  2  61315       0.1833      0.3165     -0.02123         
       2026 10  3  61316       0.1822      0.3159     -0.02175         
       2026 10  4  61317       0.1810      0.3154     -0.02233         
       2026 10  5  61318       0.1799      0.3149     -0.02309         
       2026 10  6  61319       0.1787      0.3144     -0.02409         
       2026 10  7  61320       0.1775      0.3139     -0.02535         
       2026 10  8  61321       0.1763      0.3135     -0.02680         
       2026 10  9  61322       0.1751      0.3131     -0.02836         
       2026 10 10  61323       0.1739      0.3126     -0.02991         
       2026 10 11  61324       0.1727      0.3122     -0.03134         
       2026 10 12  61325       0.1714      0.3119     -0.03258         
       2026 10 13  61326       0.1702      0.3115     -0.03360         
       2026 10 14  61327       0.1689      0.3111     -0.03441         
       2026 10 15  61328       0.1676      0.3108     -0.03506         
       2026 10 16  61329       0.1663      0.3105     -0.03561         
       2026 10 17  61330       0.1650      0.3102     -0.03614         
       2026 10 18  61331       0.1637      0.3099     -0.03671         
       2026 10 19  61332       0.1624      0.3096     -0.03739         
       2026 10 20  61333       0.1611      0.3094     -0.03825         
       2026 10 21  61334       0.1598      0.3092     -0.03931         
       2026 10 22  61335       0.1584      0.3090     -0.04058         
       2026 10 23  61336       0.1571      0.3088     -0.04203         
       2026 10 24  61337       0.1557      0.3086     -0.04360         
       2026 10 25  61338       0.1544      0.3084     -0.04518         
       2026 10 26  61339       0.1530      0.3083     -0.04664         
       2026 10 27  61340       0.1516      0.3082     -0.04786         
       2026 10 28  61341       0.1502      0.3081     -0.04882         
       2026 10 29  61342       0.1489      0.3080     -0.04953         
       2026 10 30  61343       0.1475      0.3080     -0.05010         
       2026 10 31  61344       0.1461      0.3080     -0.05068         
       2026 11  1  61345       0.1447      0.3079     -0.05138         
       2026 11  2  61346       0.1433      0.3079     -0.05229         
       2026 11  3  61347       0.1419      0.3080     -0.05341         
       2026 11  4  61348       0.1405      0.3080     -0.05470         
       2026 11  5  61349       0.1391      0.3081     -0.05608         
       2026 11  6  61350       0.1376      0.3082     -0.05743         
       2026 11  7  61351       0.1362      0.3083     -0.05867         
       2026 11  8  61352       0.1348      0.3084     -0.05973         
       2026 11  9  61353       0.1334      0.3086     -0.06055         
       2026 11 10  61354       0.1320      0.3087     -0.06115         
       2026 11 11  61355       0.1306      0.3089     -0.06155         
       2026 11 12  61356       0.1291      0.3091     -0.06181         
       2026 11 13  61357       0.1277      0.3094     -0.06201         
       2026 11 14  61358       0.1263      0.3096     -0.06221         
       2026 11 15  61359       0.1249      0.3099     -0.06249         
       2026 11 16  61360       0.1235      0.3102     -0.06292         
       2026 11 17  61361       0.1221      0.3105     -0.06351         
       2026 11 18  61362       0.1206      0.3108     -0.06431         
       2026 11 19  61363       0.1192      0.3112     -0.06528         
       2026 11 20  61364       0.1178      0.3116     -0.06640         
       2026 11 21  61365       0.1164      0.3120     -0.06757         
       2026 11 22  61366       0.1150      0.3124     -0.06869         
       2026 11 23  61367       0.1137      0.3128     -0.06963         
       2026 11 24  61368       0.1123      0.3133     -0.07032         
       2026 11 25  61369       0.1109      0.3138     -0.07075         
       2026 11 26  61370       0.1095      0.3143     -0.07100         
       2026 11 27  61371       0.1081      0.3148     -0.07119         
       2026 11 28  61372       0.1068      0.3153     -0.07148         
       2026 11 29  61373       0.1054      0.3159     -0.07196         
       2026 11 30  61374       0.1041      0.3165     -0.07267         
       2026 12  1  61375       0.1028      0.3171     -0.07356         
       2026 12  2  61376       0.1014      0.3177     -0.07453         
       2026 12  3  61377       0.1001      0.3183     -0.07547         
       2026 12  4  61378       0.0988      0.3190     -0.07630         
       2026 12  5  61379       0.0975      0.3197     -0.07695         
       2026 12  6  61380       0.0962      0.3204     -0.07738         
       2026 12  7  61381       0.0949      0.3211     -0.07781         
       2026 12  8  61382       0.0937      0.3218     -0.07804         
       2026 12  9  61383       0.0924      0.3226     -0.07813         
       2026 12 10  61384       0.0912      0.3234     -0.07814         
       2026 12 11  61385       0.0899      0.3242     -0.07814         
       2026 12 12  61386       0.0887      0.3250     -0.07821         
       2026 12 13  61387       0.0875      0.3258     -0.07841         
       2026 12 14  61388       0.0863      0.3267     -0.07877         
       2026 12 15  61389       0.0851      0.3275     -0.07931         
       2026 12 16  61390       0.0840      0.3284     -0.08002         
       2026 12 17  61391       0.0828      0.3293     -0.08088         
       2026 12 18  61392       0.0817      0.3303     -0.08181         
       2026 12 19  61393       0.0806      0.3312     -0.08272         
       2026 12 20  61394       0.0794      0.3322     -0.08352         
       2026 12 21  61395       0.0784      0.3331     -0.08412         
       2026 12 22  61396       0.0773      0.3341     -0.08449         
       2026 12 23  61397       0.0762      0.3351     -0.08465         
       2026 12 24  61398       0.0752      0.3362     -0.08473         
       2026 12 25  61399       0.0742      0.3372     -0.08487         
       2026 12 26  61400       0.0732      0.3383     -0.08519         
       2026 12 27  61401       0.0722      0.3393     -0.08578         
       2026 12 28  61402       0.0712      0.3404     -0.08660         
       2026 12 29  61403       0.0702      0.3415     -0.08755         
       2026 12 30  61404       0.0693      0.3427     -0.08850         
       2026 12 31  61405       0.0684      0.3438     -0.08935         
       2027  1  1  61406       0.0675      0.3449     -0.09001         
       2027  1  2  61407       0.0666      0.3461     -0.09045         
       2027  1  3  61408       0.0658      0.3473     -0.09067         
       2027  1  4  61409       0.0650      0.3485     -0.09068         
       2027  1  5  61410       0.0641      0.3497     -0.09055         
       2027  1  6  61411       0.0634      0.3509     -0.09032         
       2027  1  7  61412       0.0626      0.3521     -0.09008         
       2027  1  8  61413       0.0618      0.3534     -0.08990         
       2027  1  9  61414       0.0611      0.3546     -0.08985         
       2027  1 10  61415       0.0604      0.3559     -0.08996         
       2027  1 11  61416       0.0597      0.3572     -0.09025         
       2027  1 12  61417       0.0591      0.3585     -0.09073         
       2027  1 13  61418       0.0584      0.3598     -0.09134         
       2027  1 14  61419       0.0578      0.3611     -0.09204         
       2027  1 15  61420       0.0572      0.3624     -0.09275         
       2027  1 16  61421       0.0567      0.3637     -0.09338         
       2027  1 17  61422       0.0561      0.3651     -0.09384         
       2027  1 18  61423       0.0556      0.3664     -0.09411         
       2027  1 19  61424       0.0551      0.3678     -0.09417         
       2027  1 20  61425       0.0547      0.3692     -0.09412         
       2027  1 21  61426       0.0542      0.3705     -0.09409         
       2027  1 22  61427       0.0538      0.3719     -0.09422         
       2027  1 23  61428       0.0534      0.3733     -0.09461         
       2027  1 24  61429       0.0531      0.3747     -0.09530         
       2027  1 25  61430       0.0527      0.3761     -0.09620         
       2027  1 26  61431       0.0524      0.3775     -0.09718         
       2027  1 27  61432       0.0521      0.3789     -0.09810         
       2027  1 28  61433       0.0519      0.3804     -0.09885         
       2027  1 29  61434       0.0516      0.3818     -0.09936         
       2027  1 30  61435       0.0514      0.3832     -0.09963         
       2027  1 31  61436       0.0513      0.3847     -0.09970         
       2027  2  1  61437       0.0511      0.3861     -0.09959         
       2027  2  2  61438       0.0510      0.3875     -0.09939         
       2027  2  3  61439       0.0509      0.3890     -0.09916         
       2027  2  4  61440       0.0508      0.3904     -0.09898         
       2027  2  5  61441       0.0508      0.3919     -0.09892         
       2027  2  6  61442       0.0507      0.3934     -0.09903         
       2027  2  7  61443       0.0507      0.3948     -0.09934         
       2027  2  8  61444       0.0508      0.3963     -0.09984         
       2027  2  9  61445       0.0508      0.3977     -0.10051         
       2027  2 10  61446       0.0509      0.3992     -0.10129         
       2027  2 11  61447       0.0511      0.4006     -0.10209         
       2027  2 12  61448       0.0512      0.4021     -0.10283         
       2027  2 13  61449       0.0514      0.4036     -0.10344         
       2027  2 14  61450       0.0516      0.4050     -0.10386         
       2027  2 15  61451       0.0518      0.4065     -0.10410         
       2027  2 16  61452       0.0521      0.4079     -0.10421         
       2027  2 17  61453       0.0523      0.4094     -0.10431         
       2027  2 18  61454       0.0526      0.4108     -0.10453         
       2027  2 19  61455       0.0530      0.4123     -0.10499         
       2027  2 20  61456       0.0534      0.4137     -0.10576         
       2027  2 21  61457       0.0537      0.4152     -0.10680         
       2027  2 22  61458       0.0542      0.4166     -0.10802         
       2027  2 23  61459       0.0546      0.4180     -0.10925         
       2027  2 24  61460       0.0551      0.4194     -0.11034         
       2027  2 25  61461       0.0556      0.4209     -0.11118         
       2027  2 26  61462       0.0561      0.4223     -0.11174         
       2027  2 27  61463       0.0567      0.4237     -0.11200         
       2027  2 28  61464       0.0573      0.4251     -0.11204         
       2027  3  1  61465       0.0579      0.4265     -0.11191         
       2027  3  2  61466       0.0585      0.4278     -0.11170         
       2027  3  3  61467       0.0592      0.4292     -0.11150         
       2027  3  4  61468       0.0599      0.4306     -0.11137         
       2027  3  5  61469       0.0606      0.4319     -0.11139         
       2027  3  6  61470       0.0613      0.4333     -0.11158         
       2027  3  7  61471       0.0621      0.4346     -0.11196         
       2027  3  8  61472       0.0629      0.4360     -0.11251         
       2027  3  9  61473       0.0637      0.4373     -0.11316         
       2027  3 10  61474       0.0646      0.4386     -0.11386         
       2027  3 11  61475       0.0655      0.4399     -0.11450         
       2027  3 12  61476       0.0664      0.4412     -0.11500         
       2027  3 13  61477       0.0673      0.4424     -0.11533         
       2027  3 14  61478       0.0682      0.4437     -0.11546         
       2027  3 15  61479       0.0692      0.4449     -0.11544         
       2027  3 16  61480       0.0702      0.4462     -0.11539         
       2027  3 17  61481       0.0712      0.4474     -0.11542         
       2027  3 18  61482       0.0723      0.4486     -0.11568         
       2027  3 19  61483       0.0734      0.4498     -0.11624         
       2027  3 20  61484       0.0745      0.4510     -0.11713         
       2027  3 21  61485       0.0756      0.4521     -0.11828         
       2027  3 22  61486       0.0767      0.4533     -0.11957         
       2027  3 23  61487       0.0779      0.4544     -0.12085         
       2027  3 24  61488       0.0791      0.4555     -0.12199         
       2027  3 25  61489       0.0803      0.4566     -0.12291         
       2027  3 26  61490       0.0815      0.4577     -0.12359         
       2027  3 27  61491       0.0828      0.4587     -0.12405         
       2027  3 28  61492       0.0841      0.4598     -0.12436         
       2027  3 29  61493       0.0853      0.4608     -0.12458         
       2027  3 30  61494       0.0867      0.4618     -0.12477         
       2027  3 31  61495       0.0880      0.4628     -0.12500         
       2027  4  1  61496       0.0894      0.4638     -0.12539         
       2027  4  2  61497       0.0907      0.4647     -0.12601         
       2027  4  3  61498       0.0921      0.4657     -0.12675         
       2027  4  4  61499       0.0936      0.4666     -0.12764         
       2027  4  5  61500       0.0950      0.4675     -0.12861         
       2027  4  6  61501       0.0964      0.4684     -0.12964         
       2027  4  7  61502       0.0979      0.4692     -0.13060         
       2027  4  8  61503       0.0994      0.4700     -0.13140         
       2027  4  9  61504       0.1009      0.4708     -0.13202         
       2027  4 10  61505       0.1024      0.4716     -0.13245         
       2027  4 11  61506       0.1040      0.4724     -0.13269         
       2027  4 12  61507       0.1055      0.4731     -0.13288         
       2027  4 13  61508       0.1071      0.4739     -0.13304         
       2027  4 14  61509       0.1087      0.4746     -0.13334         
       2027  4 15  61510       0.1103      0.4753     -0.13392         
       2027  4 16  61511       0.1119      0.4759     -0.13477         
       2027  4 17  61512       0.1135      0.4765     -0.13587         
       2027  4 18  61513       0.1152      0.4771     -0.13714         
       2027  4 19  61514       0.1168      0.4777     -0.13846         
       2027  4 20  61515       0.1185      0.4783     -0.13964         
       2027  4 21  61516       0.1202      0.4788     -0.14063         
       2027  4 22  61517       0.1219      0.4793     -0.14132         
       2027  4 23  61518       0.1236      0.4798     -0.14175         
       2027  4 24  61519       0.1253      0.4803     -0.14202         
       2027  4 25  61520       0.1270      0.4807     -0.14214         
       2027  4 26  61521       0.1288      0.4811     -0.14214         
       2027  4 27  61522       0.1305      0.4815     -0.14211         
       2027  4 28  61523       0.1323      0.4819     -0.14216         
       2027  4 29  61524       0.1340      0.4822     -0.14240         
       2027  4 30  61525       0.1358      0.4825     -0.14282         
       2027  5  1  61526       0.1376      0.4828     -0.14339         
       2027  5  2  61527       0.1394      0.4831     -0.14413         
       2027  5  3  61528       0.1412      0.4833     -0.14488         
       2027  5  4  61529       0.1430      0.4835     -0.14562         
       2027  5  5  61530       0.1448      0.4837     -0.14621         
       2027  5  6  61531       0.1466      0.4839     -0.14663         
       2027  5  7  61532       0.1484      0.4840     -0.14685         
       2027  5  8  61533       0.1502      0.4841     -0.14679         
       2027  5  9  61534       0.1520      0.4842     -0.14666         
       2027  5 10  61535       0.1539      0.4842     -0.14648         
       2027  5 11  61536       0.1557      0.4842     -0.14637         
       2027  5 12  61537       0.1575      0.4842     -0.14646         
       2027  5 13  61538       0.1593      0.4842     -0.14675         
       2027  5 14  61539       0.1612      0.4841     -0.14721         
       2027  5 15  61540       0.1630      0.4840     -0.14784         
       2027  5 16  61541       0.1648      0.4839     -0.14855         
       2027  5 17  61542       0.1667      0.4838     -0.14924         
       2027  5 18  61543       0.1685      0.4836     -0.14971         
       2027  5 19  61544       0.1704      0.4834     -0.14990         
       2027  5 20  61545       0.1722      0.4832     -0.14984         
       2027  5 21  61546       0.1740      0.4829     -0.14961         
       2027  5 22  61547       0.1758      0.4827     -0.14927         
       2027  5 23  61548       0.1777      0.4824     -0.14892         
       2027  5 24  61549       0.1795      0.4820     -0.14852         
       2027  5 25  61550       0.1813      0.4817     -0.14826         
       2027  5 26  61551       0.1831      0.4813     -0.14811         
       2027  5 27  61552       0.1849      0.4809     -0.14815         
       2027  5 28  61553       0.1867      0.4804     -0.14838         
       2027  5 29  61554       0.1885      0.4800     -0.14873         
       2027  5 30  61555       0.1903      0.4795     -0.14916         
       2027  5 31  61556       0.1920      0.4790     -0.14953         
       2027  6  1  61557       0.1938      0.4784     -0.14981         
       2027  6  2  61558       0.1956      0.4779     -0.14991         
       2027  6  3  61559       0.1973      0.4773     -0.14980         
       2027  6  4  61560       0.1991      0.4766     -0.14945         
       2027  6  5  61561       0.2008      0.4760     -0.14889         
       2027  6  6  61562       0.2025      0.4753     -0.14823         
       2027  6  7  61563       0.2042      0.4746     -0.14756         
       2027  6  8  61564       0.2059      0.4739     -0.14710         
       2027  6  9  61565       0.2076      0.4731     -0.14691         
       2027  6 10  61566       0.2093      0.4723     -0.14699         
       2027  6 11  61567       0.2109      0.4715     -0.14725         
       2027  6 12  61568       0.2126      0.4707     -0.14743         
       2027  6 13  61569       0.2142      0.4699     -0.14750         
       2027  6 14  61570       0.2158      0.4690     -0.14746         
       2027  6 15  61571       0.2174      0.4681     -0.14715         
       2027  6 16  61572       0.2190      0.4672     -0.14656         
       2027  6 17  61573       0.2206      0.4662     -0.14573         
       2027  6 18  61574       0.2221      0.4652     -0.14476         
       2027  6 19  61575       0.2237      0.4642     -0.14364         
       2027  6 20  61576       0.2252      0.4632     -0.14251         
       2027  6 21  61577       0.2267      0.4622     -0.14146         
       2027  6 22  61578       0.2282      0.4611     -0.14050         
       2027  6 23  61579       0.2296      0.4600     -0.13967         
       2027  6 24  61580       0.2311      0.4589     -0.13905         
       2027  6 25  61581       0.2325      0.4578     -0.13863         
       2027  6 26  61582       0.2339      0.4566     -0.13829         
       2027  6 27  61583       0.2353      0.4555     -0.13800         
       2027  6 28  61584       0.2367      0.4543     -0.13762         
       2027  6 29  61585       0.2380      0.4531     -0.13708         
       2027  6 30  61586       0.2393      0.4518     -0.13639         
       2027  7  1  61587       0.2406      0.4506     -0.13555         
       2027  7  2  61588       0.2419      0.4493     -0.13445         
       2027  7  3  61589       0.2432      0.4480     -0.13332         
       2027  7  4  61590       0.2444      0.4467     -0.13208         
       2027  7  5  61591       0.2456      0.4453     -0.13090         
       2027  7  6  61592       0.2468      0.4440     -0.12994         
       2027  7  7  61593       0.2480      0.4426     -0.12923         
       2027  7  8  61594       0.2491      0.4412     -0.12866         
       2027  7  9  61595       0.2502      0.4398     -0.12810         
       2027  7 10  61596       0.2513      0.4384     -0.12741         
       2027  7 11  61597       0.2523      0.4369     -0.12649         
       2027  7 12  61598       0.2534      0.4355     -0.12528         
       2027  7 13  61599       0.2544      0.4340     -0.12386         
       2027  7 14  61600       0.2554      0.4325     -0.12224         
       2027  7 15  61601       0.2563      0.4310     -0.12049         
       2027  7 16  61602       0.2572      0.4295     -0.11864         
       2027  7 17  61603       0.2581      0.4280     -0.11683         
       2027  7 18  61604       0.2590      0.4264     -0.11509         
       2027  7 19  61605       0.2599      0.4249     -0.11340         
       2027  7 20  61606       0.2607      0.4233     -0.11190         
       2027  7 21  61607       0.2615      0.4217     -0.11063         
       2027  7 22  61608       0.2622      0.4201     -0.10962         
       2027  7 23  61609       0.2629      0.4185     -0.10873         
       2027  7 24  61610       0.2636      0.4169     -0.10799         
       2027  7 25  61611       0.2643      0.4152     -0.10730         
       2027  7 26  61612       0.2649      0.4136     -0.10643         
       2027  7 27  61613       0.2655      0.4119     -0.10545         
       2027  7 28  61614       0.2661      0.4103     -0.10435         
       2027  7 29  61615       0.2667      0.4086     -0.10309         
       2027  7 30  61616       0.2672      0.4069     -0.10181         
       2027  7 31  61617       0.2677      0.4052     -0.10044         
       2027  8  1  61618       0.2681      0.4035     -0.09918         
       2027  8  2  61619       0.2685      0.4018     -0.09819         
       2027  8  3  61620       0.2689      0.4001     -0.09755         
       2027  8  4  61621       0.2693      0.3984     -0.09726         
       2027  8  5  61622       0.2696      0.3967     -0.09717         
       2027  8  6  61623       0.2699      0.3949     -0.09705         
       2027  8  7  61624       0.2702      0.3932     -0.09682         
       2027  8  8  61625       0.2704      0.3915     -0.09631         
       2027  8  9  61626       0.2706      0.3897     -0.09557         
       2027  8 10  61627       0.2708      0.3880     -0.09459         
       2027  8 11  61628       0.2709      0.3862     -0.09346         
       2027  8 12  61629       0.2710      0.3845     -0.09224         
       2027  8 13  61630       0.2711      0.3827     -0.09109         
       2027  8 14  61631       0.2711      0.3809     -0.08986         
       2027  8 15  61632       0.2711      0.3792     -0.08871         
       2027  8 16  61633       0.2711      0.3774     -0.08772         
       2027  8 17  61634       0.2710      0.3757     -0.08691         
       2027  8 18  61635       0.2709      0.3739     -0.08622         
       2027  8 19  61636       0.2708      0.3721     -0.08568         
       2027  8 20  61637       0.2706      0.3704     -0.08529         
      These predictions are based on all announced leap seconds.               
                                                                               
