                                                                               
      **********************************************************************   
      *                                                                    *   
      *                   I E R S   B U L L E T I N - A                    *   
      *                                                                    *   
      *           Rapid Service/Prediction of Earth Orientation            *   
      **********************************************************************   
      30 July 2026                                        Vol. XXXIX No. 031   
      ______________________________________________________________________   
      GENERAL INFORMATION:                                                     
         MJD = Julian Date - 2 400 000.5 days                                  
         UT2-UT1 = 0.022 sin(2*pi*T) - 0.012 cos(2*pi*T)                       
                                     - 0.006 sin(4*pi*T) + 0.007 cos(4*pi*T)   
            where pi = 3.14159265... and T is the date in Besselian years.     
         TT = TAI + 32.184 seconds                                             
         DUT1= (UT1-UTC) transmitted with time signals                         
             = 0.0 seconds beginning 09 April 2026 at 0000 UTC                 
         Beginning 1 January 2017:                                             
            TAI-UTC = 37.000 000 seconds                                       
     ***********************************************************************
     * ANNOUNCEMENTS:                                                      *
     *                                                                     *
     * There will NOT be a leap second introduced in UTC                   *
     * at the end of December 2026.                                        *
     *                                                                     *
     * The primary source for IERS Rapid Service/Prediction Center (RS/PC) *
     * data products is the official IERS RS/PC website:                   *
     *   https://maia.usno.navy.mil                                        *
     *                                                                     *
     * IERS RS/PC products are also available from:                        *
     *   NASA CDDIS: https://cddis.nasa.gov/archive/products/iers/         *
     *   NASA CDDIS: ftps://gdc.cddis.eosdis.nasa.gov/products/iers/       *
     *   IERS Central Bureau: https://datacenter.iers.org/eop.php          *
     *                                                                     *
     * Questions about IERS RS/PC products can be emailed to:              *
     *   eopcp@us.navy.mil                                                 *
     *                                                                     *
     * Distribution statement A:                                           *
     *   Approved for public release: distribution unlimited.              *
     *                                                                     *
     ***********************************************************************
     ________________________________________________________________________  
       The contributed observations used in the preparation of this Bulletin   
       are available at <http://www.usno.navy.mil/USNO/earth-orientation/      
       eo-info/general/input-data>. The contributed analysis results are based 
       on data from Very Long Baseline Interferometry (VLBI), Satellite Laser  
       Ranging (SLR), the Global Positioning System (GPS) satellites, Lunar    
       Laser Ranging (LLR), and meteorological predictions of variations in    
       Atmospheric Angular Momentum (AAM).                                     
     ________________________________________________________________________  
                                                                               
      COMBINED EARTH ORIENTATION PARAMETERS:                                   
                                                                               
                              IERS Rapid Service                               
              MJD      x    error     y    error   UT1-UTC   error             
                       "      "       "      "        s        s               
   26  7 24  61245 0.21861 .00009 0.36956 .00009  0.009748 0.000015          
   26  7 25  61246 0.21913 .00009 0.36910 .00009  0.010280 0.000017          
   26  7 26  61247 0.21937 .00009 0.36872 .00009  0.010890 0.000016          
   26  7 27  61248 0.21935 .00009 0.36819 .00009  0.011569 0.000016          
   26  7 28  61249 0.21916 .00009 0.36733 .00009  0.012193 0.000016          
   26  7 29  61250 0.21920 .00009 0.36642 .00009  0.012681 0.000014          
   26  7 30  61251 0.21963 .00009 0.36584 .00009  0.012961 0.000010          
                                                                               
      _______________________________________________________________________  
                                                                               
      PREDICTIONS:                                                             
      The following formulas will not reproduce the predictions given below,   
      but may be used to extend the predictions beyond the end of this table.  
                                                                               
      x =  0.1478 + 0.1249 cos A + 0.0334 sin A - 0.0516 cos C - 0.0484 sin C  
      y =  0.3740 + 0.0344 cos A - 0.1144 sin A - 0.0484 cos C + 0.0516 sin C  
         UT1-UTC = -0.0354 - 0.00014 (MJD - 61259) - (UT2-UT1)                 
                                                                               
      where A = 2*pi*(MJD-61251)/365.25 and C = 2*pi*(MJD-61251)/435.          
                                                                               
         TAI-UTC(MJD 61252) = 37.0                                             
      The accuracy may be estimated from the expressions:                      
      S x,y = 0.00068 (MJD-61251)**0.80   S t = 0.00025 (MJD-61251)**0.75      
      Estimated accuracies are:  Predictions     10 d   20 d   30 d   40 d     
                                 Polar coord's  0.004  0.007  0.010  0.013     
                                 UT1-UTC        0.0014 0.0024 0.0032 0.0040    
                                                                               
                    MJD      x(arcsec)   y(arcsec)   UT1-UTC(sec)              
       2026  7 31  61252       0.2199      0.3652      0.01294         
       2026  8  1  61253       0.2202      0.3647      0.01268         
       2026  8  2  61254       0.2205      0.3641      0.01225         
       2026  8  3  61255       0.2207      0.3635      0.01171         
       2026  8  4  61256       0.2208      0.3628      0.01116         
       2026  8  5  61257       0.2208      0.3619      0.01069         
       2026  8  6  61258       0.2208      0.3610      0.01039         
       2026  8  7  61259       0.2207      0.3601      0.01031         
       2026  8  8  61260       0.2207      0.3592      0.01043         
       2026  8  9  61261       0.2206      0.3583      0.01068         
       2026  8 10  61262       0.2205      0.3574      0.01093         
       2026  8 11  61263       0.2204      0.3565      0.01103         
       2026  8 12  61264       0.2203      0.3556      0.01091         
       2026  8 13  61265       0.2202      0.3547      0.01053         
       2026  8 14  61266       0.2200      0.3538      0.00993         
       2026  8 15  61267       0.2198      0.3529      0.00921         
       2026  8 16  61268       0.2196      0.3519      0.00851         
       2026  8 17  61269       0.2193      0.3509      0.00792         
       2026  8 18  61270       0.2190      0.3500      0.00750         
       2026  8 19  61271       0.2187      0.3490      0.00727         
       2026  8 20  61272       0.2184      0.3480      0.00722         
       2026  8 21  61273       0.2180      0.3470      0.00731         
       2026  8 22  61274       0.2177      0.3461      0.00750         
       2026  8 23  61275       0.2173      0.3451      0.00771         
       2026  8 24  61276       0.2168      0.3441      0.00786         
       2026  8 25  61277       0.2164      0.3432      0.00789         
       2026  8 26  61278       0.2159      0.3422      0.00775         
       2026  8 27  61279       0.2154      0.3412      0.00739         
       2026  8 28  61280       0.2149      0.3402      0.00681         
       2026  8 29  61281       0.2143      0.3393      0.00605         
       2026  8 30  61282       0.2138      0.3383      0.00518         
       2026  8 31  61283       0.2132      0.3374      0.00429         
       2026  9  1  61284       0.2126      0.3364      0.00350         
       2026  9  2  61285       0.2119      0.3355      0.00289         
       2026  9  3  61286       0.2113      0.3345      0.00250         
       2026  9  4  61287       0.2106      0.3336      0.00232         
       2026  9  5  61288       0.2099      0.3327      0.00228         
       2026  9  6  61289       0.2092      0.3318      0.00225         
       2026  9  7  61290       0.2084      0.3308      0.00211         
       2026  9  8  61291       0.2077      0.3299      0.00174         
       2026  9  9  61292       0.2069      0.3290      0.00107         
       2026  9 10  61293       0.2061      0.3282      0.00014         
       2026  9 11  61294       0.2053      0.3273     -0.00098         
       2026  9 12  61295       0.2044      0.3264     -0.00216         
       2026  9 13  61296       0.2036      0.3256     -0.00327         
       2026  9 14  61297       0.2027      0.3247     -0.00423         
       2026  9 15  61298       0.2018      0.3239     -0.00497         
       2026  9 16  61299       0.2009      0.3231     -0.00549         
       2026  9 17  61300       0.1999      0.3222     -0.00580         
       2026  9 18  61301       0.1990      0.3214     -0.00597         
       2026  9 19  61302       0.1980      0.3207     -0.00607         
       2026  9 20  61303       0.1970      0.3199     -0.00616         
       2026  9 21  61304       0.1960      0.3191     -0.00632         
       2026  9 22  61305       0.1950      0.3184     -0.00664         
       2026  9 23  61306       0.1939      0.3176     -0.00715         
       2026  9 24  61307       0.1928      0.3169     -0.00790         
       2026  9 25  61308       0.1918      0.3162     -0.00887         
       2026  9 26  61309       0.1907      0.3155     -0.01001         
       2026  9 27  61310       0.1895      0.3148     -0.01121         
       2026  9 28  61311       0.1884      0.3142     -0.01237         
       2026  9 29  61312       0.1873      0.3135     -0.01336         
       2026  9 30  61313       0.1861      0.3129     -0.01411         
       2026 10  1  61314       0.1849      0.3123     -0.01461         
       2026 10  2  61315       0.1837      0.3117     -0.01491         
       2026 10  3  61316       0.1825      0.3111     -0.01514         
       2026 10  4  61317       0.1813      0.3105     -0.01542         
       2026 10  5  61318       0.1801      0.3099     -0.01586         
       2026 10  6  61319       0.1788      0.3094     -0.01655         
       2026 10  7  61320       0.1776      0.3089     -0.01747         
       2026 10  8  61321       0.1763      0.3084     -0.01858         
       2026 10  9  61322       0.1750      0.3079     -0.01977         
       2026 10 10  61323       0.1737      0.3074     -0.02093         
       2026 10 11  61324       0.1724      0.3070     -0.02195         
       2026 10 12  61325       0.1711      0.3065     -0.02277         
       2026 10 13  61326       0.1697      0.3061     -0.02336         
       2026 10 14  61327       0.1684      0.3057     -0.02374         
       2026 10 15  61328       0.1670      0.3054     -0.02393         
       2026 10 16  61329       0.1656      0.3050     -0.02402         
       2026 10 17  61330       0.1643      0.3047     -0.02408         
       2026 10 18  61331       0.1629      0.3043     -0.02419         
       2026 10 19  61332       0.1615      0.3040     -0.02443         
       2026 10 20  61333       0.1601      0.3038     -0.02484         
       2026 10 21  61334       0.1587      0.3035     -0.02547         
       2026 10 22  61335       0.1572      0.3033     -0.02632         
       2026 10 23  61336       0.1558      0.3030     -0.02736         
       2026 10 24  61337       0.1544      0.3029     -0.02852         
       2026 10 25  61338       0.1529      0.3027     -0.02969         
       2026 10 26  61339       0.1515      0.3025     -0.03074         
       2026 10 27  61340       0.1500      0.3024     -0.03156         
       2026 10 28  61341       0.1486      0.3023     -0.03212         
       2026 10 29  61342       0.1471      0.3022     -0.03244         
       2026 10 30  61343       0.1456      0.3021     -0.03263         
       2026 10 31  61344       0.1441      0.3020     -0.03283         
       2026 11  1  61345       0.1427      0.3020     -0.03316         
       2026 11  2  61346       0.1412      0.3020     -0.03370         
       2026 11  3  61347       0.1397      0.3020     -0.03445         
       2026 11  4  61348       0.1382      0.3020     -0.03538         
       2026 11  5  61349       0.1367      0.3021     -0.03640         
       2026 11  6  61350       0.1352      0.3022     -0.03741         
       2026 11  7  61351       0.1337      0.3023     -0.03831         
       2026 11  8  61352       0.1322      0.3024     -0.03903         
       2026 11  9  61353       0.1307      0.3025     -0.03954         
       2026 11 10  61354       0.1292      0.3027     -0.03983         
       2026 11 11  61355       0.1277      0.3029     -0.03994         
       2026 11 12  61356       0.1262      0.3031     -0.03992         
       2026 11 13  61357       0.1247      0.3033     -0.03985         
       2026 11 14  61358       0.1232      0.3036     -0.03980         
       2026 11 15  61359       0.1217      0.3038     -0.03983         
       2026 11 16  61360       0.1202      0.3041     -0.04022         
       2026 11 17  61361       0.1187      0.3044     -0.04079         
       2026 11 18  61362       0.1172      0.3048     -0.04155         
       2026 11 19  61363       0.1157      0.3051     -0.04250         
       2026 11 20  61364       0.1142      0.3055     -0.04359         
       2026 11 21  61365       0.1128      0.3059     -0.04474         
       2026 11 22  61366       0.1113      0.3063     -0.04583         
       2026 11 23  61367       0.1098      0.3068     -0.04676         
       2026 11 24  61368       0.1084      0.3073     -0.04744         
       2026 11 25  61369       0.1069      0.3077     -0.04786         
       2026 11 26  61370       0.1055      0.3083     -0.04811         
       2026 11 27  61371       0.1040      0.3088     -0.04832         
       2026 11 28  61372       0.1026      0.3094     -0.04863         
       2026 11 29  61373       0.1011      0.3099     -0.04914         
       2026 11 30  61374       0.0997      0.3105     -0.04988         
       2026 12  1  61375       0.0983      0.3111     -0.05080         
       2026 12  2  61376       0.0969      0.3118     -0.05182         
       2026 12  3  61377       0.0955      0.3125     -0.05282         
       2026 12  4  61378       0.0941      0.3131     -0.05370         
       2026 12  5  61379       0.0928      0.3138     -0.05441         
       2026 12  6  61380       0.0914      0.3146     -0.05491         
       2026 12  7  61381       0.0901      0.3153     -0.05518         
       2026 12  8  61382       0.0887      0.3161     -0.05526         
       2026 12  9  61383       0.0874      0.3169     -0.05519         
       2026 12 10  61384       0.0861      0.3177     -0.05504         
       2026 12 11  61385       0.0848      0.3185     -0.05488         
       2026 12 12  61386       0.0835      0.3193     -0.05479         
       2026 12 13  61387       0.0822      0.3202     -0.05483         
       2026 12 14  61388       0.0810      0.3211     -0.05503         
       2026 12 15  61389       0.0797      0.3220     -0.05541         
       2026 12 16  61390       0.0785      0.3229     -0.05596         
       2026 12 17  61391       0.0773      0.3239     -0.05665         
       2026 12 18  61392       0.0761      0.3248     -0.05741         
       2026 12 19  61393       0.0749      0.3258     -0.05816         
       2026 12 20  61394       0.0737      0.3268     -0.05880         
       2026 12 21  61395       0.0726      0.3278     -0.05923         
       2026 12 22  61396       0.0714      0.3289     -0.05942         
       2026 12 23  61397       0.0703      0.3299     -0.05942         
       2026 12 24  61398       0.0692      0.3310     -0.05933         
       2026 12 25  61399       0.0681      0.3321     -0.05929         
       2026 12 26  61400       0.0671      0.3332     -0.05945         
       2026 12 27  61401       0.0660      0.3343     -0.05987         
       2026 12 28  61402       0.0650      0.3354     -0.06052         
       2026 12 29  61403       0.0640      0.3366     -0.06131         
       2026 12 30  61404       0.0630      0.3378     -0.06210         
       2026 12 31  61405       0.0621      0.3390     -0.06279         
       2027  1  1  61406       0.0611      0.3402     -0.06330         
       2027  1  2  61407       0.0602      0.3414     -0.06359         
       2027  1  3  61408       0.0593      0.3426     -0.06365         
       2027  1  4  61409       0.0584      0.3439     -0.06352         
       2027  1  5  61410       0.0576      0.3451     -0.06324         
       2027  1  6  61411       0.0567      0.3464     -0.06287         
       2027  1  7  61412       0.0559      0.3477     -0.06249         
       2027  1  8  61413       0.0551      0.3490     -0.06217         
       2027  1  9  61414       0.0544      0.3503     -0.06198         
       2027  1 10  61415       0.0536      0.3516     -0.06195         
       2027  1 11  61416       0.0529      0.3530     -0.06211         
       2027  1 12  61417       0.0522      0.3543     -0.06244         
       2027  1 13  61418       0.0515      0.3557     -0.06291         
       2027  1 14  61419       0.0509      0.3570     -0.06347         
       2027  1 15  61420       0.0503      0.3584     -0.06404         
       2027  1 16  61421       0.0497      0.3598     -0.06452         
       2027  1 17  61422       0.0491      0.3612     -0.06484         
       2027  1 18  61423       0.0486      0.3626     -0.06496         
       2027  1 19  61424       0.0480      0.3641     -0.06488         
       2027  1 20  61425       0.0475      0.3655     -0.06469         
       2027  1 21  61426       0.0471      0.3669     -0.06451         
       2027  1 22  61427       0.0466      0.3684     -0.06449         
       2027  1 23  61428       0.0462      0.3699     -0.06474         
       2027  1 24  61429       0.0458      0.3713     -0.06527         
       2027  1 25  61430       0.0455      0.3728     -0.06602         
       2027  1 26  61431       0.0451      0.3743     -0.06685         
       2027  1 27  61432       0.0448      0.3758     -0.06761         
       2027  1 28  61433       0.0445      0.3773     -0.06819         
       2027  1 29  61434       0.0443      0.3787     -0.06854         
       2027  1 30  61435       0.0441      0.3803     -0.06863         
       2027  1 31  61436       0.0439      0.3818     -0.06849         
       2027  2  1  61437       0.0437      0.3833     -0.06817         
       2027  2  2  61438       0.0435      0.3848     -0.06774         
       2027  2  3  61439       0.0434      0.3863     -0.06725         
       2027  2  4  61440       0.0433      0.3878     -0.06679         
       2027  2  5  61441       0.0433      0.3894     -0.06641         
       2027  2  6  61442       0.0433      0.3909     -0.06618         
       2027  2  7  61443       0.0432      0.3924     -0.06612         
       2027  2  8  61444       0.0433      0.3940     -0.06625         
       2027  2  9  61445       0.0433      0.3955     -0.06653         
       2027  2 10  61446       0.0434      0.3970     -0.06692         
       2027  2 11  61447       0.0435      0.3986     -0.06734         
       2027  2 12  61448       0.0437      0.4001     -0.06771         
       2027  2 13  61449       0.0438      0.4016     -0.06797         
       2027  2 14  61450       0.0440      0.4032     -0.06808         
       2027  2 15  61451       0.0442      0.4047     -0.06805         
       2027  2 16  61452       0.0445      0.4062     -0.06793         
       2027  2 17  61453       0.0448      0.4077     -0.06783         
       2027  2 18  61454       0.0451      0.4093     -0.06789         
       2027  2 19  61455       0.0454      0.4108     -0.06823         
       2027  2 20  61456       0.0458      0.4123     -0.06888         
       2027  2 21  61457       0.0462      0.4138     -0.06982         
       2027  2 22  61458       0.0466      0.4153     -0.07092         
       2027  2 23  61459       0.0471      0.4168     -0.07204         
       2027  2 24  61460       0.0476      0.4183     -0.07302         
       2027  2 25  61461       0.0481      0.4198     -0.07375         
       2027  2 26  61462       0.0486      0.4213     -0.07421         
       2027  2 27  61463       0.0492      0.4228     -0.07442         
       2027  2 28  61464       0.0498      0.4243     -0.07444         
       2027  3  1  61465       0.0504      0.4258     -0.07435         
       2027  3  2  61466       0.0510      0.4272     -0.07423         
       2027  3  3  61467       0.0517      0.4287     -0.07416         
       2027  3  4  61468       0.0524      0.4301     -0.07420         
       2027  3  5  61469       0.0532      0.4315     -0.07444         
       2027  3  6  61470       0.0539      0.4330     -0.07490         
       2027  3  7  61471       0.0547      0.4344     -0.07562         
       2027  3  8  61472       0.0555      0.4358     -0.07655         
       2027  3  9  61473       0.0564      0.4372     -0.07762         
       2027  3 10  61474       0.0572      0.4386     -0.07874         
       2027  3 11  61475       0.0581      0.4399     -0.07978         
       2027  3 12  61476       0.0591      0.4413     -0.08067         
       2027  3 13  61477       0.0600      0.4426     -0.08141         
       2027  3 14  61478       0.0610      0.4440     -0.08191         
       2027  3 15  61479       0.0620      0.4453     -0.08219         
       2027  3 16  61480       0.0630      0.4466     -0.08234         
       2027  3 17  61481       0.0640      0.4479     -0.08254         
       2027  3 18  61482       0.0651      0.4492     -0.08298         
       2027  3 19  61483       0.0662      0.4504     -0.08370         
       2027  3 20  61484       0.0673      0.4517     -0.08469         
       2027  3 21  61485       0.0685      0.4529     -0.08593         
       2027  3 22  61486       0.0697      0.4541     -0.08718         
       2027  3 23  61487       0.0709      0.4553     -0.08838         
       2027  3 24  61488       0.0721      0.4565     -0.08935         
       2027  3 25  61489       0.0733      0.4577     -0.09007         
       2027  3 26  61490       0.0746      0.4588     -0.09057         
       2027  3 27  61491       0.0759      0.4600     -0.09079         
       2027  3 28  61492       0.0772      0.4611     -0.09093         
       2027  3 29  61493       0.0785      0.4622     -0.09097         
       2027  3 30  61494       0.0798      0.4633     -0.09098         
       2027  3 31  61495       0.0812      0.4643     -0.09106         
       2027  4  1  61496       0.0826      0.4654     -0.09124         
       2027  4  2  61497       0.0840      0.4664     -0.09158         
       2027  4  3  61498       0.0855      0.4674     -0.09215         
       2027  4  4  61499       0.0869      0.4684     -0.09298         
       2027  4  5  61500       0.0884      0.4693     -0.09404         
       2027  4  6  61501       0.0899      0.4703     -0.09515         
       2027  4  7  61502       0.0914      0.4712     -0.09620         
       2027  4  8  61503       0.0929      0.4721     -0.09713         
       2027  4  9  61504       0.0945      0.4730     -0.09791         
       2027  4 10  61505       0.0960      0.4738     -0.09850         
       2027  4 11  61506       0.0976      0.4746     -0.09897         
       2027  4 12  61507       0.0992      0.4754     -0.09929         
       2027  4 13  61508       0.1008      0.4762     -0.09968         
       2027  4 14  61509       0.1024      0.4770     -0.10020         
       2027  4 15  61510       0.1041      0.4777     -0.10098         
       2027  4 16  61511       0.1058      0.4784     -0.10204         
       2027  4 17  61512       0.1074      0.4791     -0.10330         
       2027  4 18  61513       0.1091      0.4798     -0.10467         
       2027  4 19  61514       0.1108      0.4804     -0.10595         
       2027  4 20  61515       0.1125      0.4811     -0.10706         
       2027  4 21  61516       0.1143      0.4816     -0.10791         
       2027  4 22  61517       0.1160      0.4822     -0.10851         
       2027  4 23  61518       0.1177      0.4828     -0.10884         
       2027  4 24  61519       0.1195      0.4833     -0.10895         
       2027  4 25  61520       0.1213      0.4838     -0.10891         
       2027  4 26  61521       0.1231      0.4842     -0.10875         
       2027  4 27  61522       0.1249      0.4847     -0.10865         
       2027  4 28  61523       0.1267      0.4851     -0.10868         
       2027  4 29  61524       0.1285      0.4855     -0.10890         
       2027  4 30  61525       0.1303      0.4858     -0.10933         
       2027  5  1  61526       0.1321      0.4862     -0.10985         
       2027  5  2  61527       0.1340      0.4865     -0.11050         
       2027  5  3  61528       0.1358      0.4867     -0.11133         
       2027  5  4  61529       0.1377      0.4870     -0.11212         
       2027  5  5  61530       0.1395      0.4872     -0.11280         
       2027  5  6  61531       0.1414      0.4874     -0.11328         
       2027  5  7  61532       0.1432      0.4876     -0.11355         
       2027  5  8  61533       0.1451      0.4877     -0.11354         
       2027  5  9  61534       0.1470      0.4878     -0.11338         
       2027  5 10  61535       0.1489      0.4879     -0.11320         
       2027  5 11  61536       0.1507      0.4880     -0.11311         
       2027  5 12  61537       0.1526      0.4880     -0.11318         
       2027  5 13  61538       0.1545      0.4880     -0.11353         
       2027  5 14  61539       0.1564      0.4880     -0.11415         
       2027  5 15  61540       0.1583      0.4880     -0.11485         
       2027  5 16  61541       0.1602      0.4879     -0.11555         
       2027  5 17  61542       0.1621      0.4878     -0.11608         
       2027  5 18  61543       0.1639      0.4876     -0.11635         
       2027  5 19  61544       0.1658      0.4875     -0.11640         
       2027  5 20  61545       0.1677      0.4873     -0.11624         
       2027  5 21  61546       0.1696      0.4871     -0.11579         
       2027  5 22  61547       0.1715      0.4868     -0.11528         
       2027  5 23  61548       0.1733      0.4865     -0.11454         
       2027  5 24  61549       0.1752      0.4862     -0.11371         
       2027  5 25  61550       0.1771      0.4859     -0.11290         
       2027  5 26  61551       0.1789      0.4855     -0.11219         
       2027  5 27  61552       0.1808      0.4852     -0.11157         
       2027  5 28  61553       0.1826      0.4847     -0.11106         
       2027  5 29  61554       0.1845      0.4843     -0.11063         
       2027  5 30  61555       0.1863      0.4838     -0.11025         
       2027  5 31  61556       0.1882      0.4833     -0.10987         
       2027  6  1  61557       0.1900      0.4828     -0.10947         
       2027  6  2  61558       0.1918      0.4823     -0.10895         
       2027  6  3  61559       0.1936      0.4817     -0.10825         
       2027  6  4  61560       0.1954      0.4811     -0.10733         
       2027  6  5  61561       0.1972      0.4804     -0.10627         
       2027  6  6  61562       0.1989      0.4798     -0.10515         
       2027  6  7  61563       0.2007      0.4791     -0.10405         
       2027  6  8  61564       0.2024      0.4784     -0.10314         
       2027  6  9  61565       0.2042      0.4776     -0.10254         
       2027  6 10  61566       0.2059      0.4769     -0.10225         
       2027  6 11  61567       0.2076      0.4761     -0.10210         
       2027  6 12  61568       0.2093      0.4753     -0.10203         
       2027  6 13  61569       0.2110      0.4744     -0.10190         
       2027  6 14  61570       0.2127      0.4735     -0.10146         
       2027  6 15  61571       0.2143      0.4726     -0.10081         
       2027  6 16  61572       0.2159      0.4717     -0.09996         
       2027  6 17  61573       0.2176      0.4708     -0.09891         
       2027  6 18  61574       0.2192      0.4698     -0.09779         
       2027  6 19  61575       0.2208      0.4688     -0.09651         
       2027  6 20  61576       0.2223      0.4678     -0.09518         
       2027  6 21  61577       0.2239      0.4668     -0.09393         
       2027  6 22  61578       0.2254      0.4657     -0.09283         
       2027  6 23  61579       0.2269      0.4646     -0.09194         
       2027  6 24  61580       0.2284      0.4635     -0.09125         
       2027  6 25  61581       0.2299      0.4624     -0.09067         
       2027  6 26  61582       0.2313      0.4612     -0.09023         
       2027  6 27  61583       0.2328      0.4600     -0.08981         
       2027  6 28  61584       0.2342      0.4588     -0.08939         
       2027  6 29  61585       0.2356      0.4576     -0.08887         
       2027  6 30  61586       0.2370      0.4563     -0.08822         
       2027  7  1  61587       0.2383      0.4551     -0.08737         
       2027  7  2  61588       0.2396      0.4538     -0.08642         
       2027  7  3  61589       0.2409      0.4525     -0.08524         
       2027  7  4  61590       0.2422      0.4511     -0.08405         
       2027  7  5  61591       0.2435      0.4498     -0.08302         
       2027  7  6  61592       0.2447      0.4484     -0.08225         
       2027  7  7  61593       0.2459      0.4470     -0.08170         
       2027  7  8  61594       0.2471      0.4456     -0.08133         
       2027  7  9  61595       0.2482      0.4442     -0.08109         
       2027  7 10  61596       0.2493      0.4428     -0.08075         
       2027  7 11  61597       0.2504      0.4413     -0.08026         
       2027  7 12  61598       0.2515      0.4398     -0.07952         
       2027  7 13  61599       0.2526      0.4383     -0.07853         
       2027  7 14  61600       0.2536      0.4368     -0.07734         
       2027  7 15  61601       0.2546      0.4353     -0.07597         
       2027  7 16  61602       0.2555      0.4338     -0.07451         
       2027  7 17  61603       0.2565      0.4322     -0.07303         
       2027  7 18  61604       0.2574      0.4306     -0.07159         
       2027  7 19  61605       0.2583      0.4290     -0.07016         
       2027  7 20  61606       0.2591      0.4274     -0.06886         
       2027  7 21  61607       0.2599      0.4258     -0.06768         
       2027  7 22  61608       0.2607      0.4242     -0.06668         
       2027  7 23  61609       0.2615      0.4226     -0.06584         
       2027  7 24  61610       0.2622      0.4209     -0.06514         
       2027  7 25  61611       0.2629      0.4192     -0.06452         
       2027  7 26  61612       0.2636      0.4176     -0.06384         
       2027  7 27  61613       0.2642      0.4159     -0.06311         
       2027  7 28  61614       0.2649      0.4142     -0.06227         
       2027  7 29  61615       0.2654      0.4125     -0.06126         
       2027  7 30  61616       0.2660      0.4108     -0.06016         
      These predictions are based on all announced leap seconds.               
                                                                               
      CELESTIAL POLE OFFSET SERIES:                                            
                           NEOS Celestial Pole Offset Series                   
                       MJD      dpsi    error     deps    error                
                                        (msec. of arc)                         
                      61239  -119.26    0.81  -11.95    0.28   
                      61240  -119.91    0.86  -11.82    0.26   
                      61241  -120.70    0.86  -11.70    0.26   
                      61242  -121.18    0.96  -11.76    0.19   
                                                            
                     IAU2000A Celestial Pole Offset Series  
                      MJD      dX     error     dY     error
                                    (msec. of arc)          
                      61239    0.361  0.323   -0.276   0.278          
                      61240    0.363  0.341   -0.265   0.258          
                      61241    0.364  0.341   -0.254   0.258          
                      61242    0.366  0.383   -0.243   0.189          
                                                                               
