                                                                               
      **********************************************************************   
      *                                                                    *   
      *                   I E R S   B U L L E T I N - A                    *   
      *                                                                    *   
      *           Rapid Service/Prediction of Earth Orientation            *   
      **********************************************************************   
      6 August 2026                                       Vol. XXXIX No. 032   
      ______________________________________________________________________   
      GENERAL INFORMATION:                                                     
         MJD = Julian Date - 2 400 000.5 days                                  
         UT2-UT1 = 0.022 sin(2*pi*T) - 0.012 cos(2*pi*T)                       
                                     - 0.006 sin(4*pi*T) + 0.007 cos(4*pi*T)   
            where pi = 3.14159265... and T is the date in Besselian years.     
         TT = TAI + 32.184 seconds                                             
         DUT1= (UT1-UTC) transmitted with time signals                         
             = 0.0 seconds beginning 09 April 2026 at 0000 UTC                 
         Beginning 1 January 2017:                                             
            TAI-UTC = 37.000 000 seconds                                       
     ***********************************************************************
     * ANNOUNCEMENTS:                                                      *
     *                                                                     *
     * There will NOT be a leap second introduced in UTC                   *
     * at the end of December 2026.                                        *
     *                                                                     *
     * The primary source for IERS Rapid Service/Prediction Center (RS/PC) *
     * data products is the official IERS RS/PC website:                   *
     *   https://maia.usno.navy.mil                                        *
     *                                                                     *
     * IERS RS/PC products are also available from:                        *
     *   NASA CDDIS: https://cddis.nasa.gov/archive/products/iers/         *
     *   NASA CDDIS: ftps://gdc.cddis.eosdis.nasa.gov/products/iers/       *
     *   IERS Central Bureau: https://datacenter.iers.org/eop.php          *
     *                                                                     *
     * Questions about IERS RS/PC products can be emailed to:              *
     *   eopcp@us.navy.mil                                                 *
     *                                                                     *
     * Distribution statement A:                                           *
     *   Approved for public release: distribution unlimited.              *
     *                                                                     *
     ***********************************************************************
     ________________________________________________________________________  
       The contributed observations used in the preparation of this Bulletin   
       are available at <http://www.usno.navy.mil/USNO/earth-orientation/      
       eo-info/general/input-data>. The contributed analysis results are based 
       on data from Very Long Baseline Interferometry (VLBI), Satellite Laser  
       Ranging (SLR), the Global Positioning System (GPS) satellites, Lunar    
       Laser Ranging (LLR), and meteorological predictions of variations in    
       Atmospheric Angular Momentum (AAM).                                     
     ________________________________________________________________________  
                                                                               
      COMBINED EARTH ORIENTATION PARAMETERS:                                   
                                                                               
                              IERS Rapid Service                               
              MJD      x    error     y    error   UT1-UTC   error             
                       "      "       "      "        s        s               
   26  7 31  61252 0.22043 .00009 0.36535 .00009  0.012946 0.000016          
   26  8  1  61253 0.22150 .00009 0.36498 .00009  0.012712 0.000027          
   26  8  2  61254 0.22237 .00009 0.36463 .00009  0.012262 0.000030          
   26  8  3  61255 0.22269 .00009 0.36395 .00009  0.011754 0.000027          
   26  8  4  61256 0.22263 .00010 0.36296 .00010  0.011269 0.000026          
   26  8  5  61257 0.22265 .00010 0.36180 .00010  0.010816 0.000025          
   26  8  6  61258 0.22292 .00009 0.36080 .00009  0.010624 0.000020          
                                                                               
                              IERS Final Values                                
                               MJD        x        y      UT1-UTC              
                                          "        "         s                 
           26  6  2           61193    0.1832   0.4078   0.01778       
           26  6  3           61194    0.1845   0.4082   0.01780       
           26  6  4           61195    0.1854   0.4083   0.01773       
           26  6  5           61196    0.1859   0.4083   0.01750       
           26  6  6           61197    0.1865   0.4080   0.01706       
           26  6  7           61198    0.1869   0.4077   0.01645       
           26  6  8           61199    0.1871   0.4070   0.01566       
           26  6  9           61200    0.1874   0.4065   0.01475       
           26  6 10           61201    0.1878   0.4058   0.01379       
           26  6 11           61202    0.1883   0.4051   0.01291       
           26  6 12           61203    0.1892   0.4040   0.01223       
           26  6 13           61204    0.1904   0.4033   0.01188       
           26  6 14           61205    0.1915   0.4026   0.01181       
           26  6 15           61206    0.1925   0.4021   0.01195       
           26  6 16           61207    0.1934   0.4017   0.01214       
           26  6 17           61208    0.1940   0.4012   0.01230       
           26  6 18           61209    0.1944   0.4005   0.01233       
           26  6 19           61210    0.1954   0.3998   0.01223       
           26  6 20           61211    0.1963   0.3992   0.01200       
           26  6 21           61212    0.1969   0.3984   0.01167       
           26  6 22           61213    0.1975   0.3973   0.01136       
           26  6 23           61214    0.1989   0.3962   0.01115       
           26  6 24           61215    0.2004   0.3953   0.01112       
           26  6 25           61216    0.2017   0.3945   0.01127       
           26  6 26           61217    0.2025   0.3937   0.01161       
           26  6 27           61218    0.2032   0.3926   0.01212       
           26  6 28           61219    0.2038   0.3917   0.01271       
           26  6 29           61220    0.2043   0.3909   0.01335       
           26  6 30           61221    0.2047   0.3898   0.01396       
           26  7  1           61222    0.2053   0.3893   0.01449       
                                                                               
      _______________________________________________________________________  
                                                                               
      PREDICTIONS:                                                             
      The following formulas will not reproduce the predictions given below,   
      but may be used to extend the predictions beyond the end of this table.  
                                                                               
      x =  0.1510 + 0.1268 cos A + 0.0167 sin A - 0.0558 cos C - 0.0410 sin C  
      y =  0.3761 + 0.0195 cos A - 0.1164 sin A - 0.0410 cos C + 0.0558 sin C  
         UT1-UTC = -0.0415 - 0.00016 (MJD - 61266) - (UT2-UT1)                 
                                                                               
      where A = 2*pi*(MJD-61258)/365.25 and C = 2*pi*(MJD-61258)/435.          
                                                                               
         TAI-UTC(MJD 61259) = 37.0                                             
      The accuracy may be estimated from the expressions:                      
      S x,y = 0.00068 (MJD-61258)**0.80   S t = 0.00025 (MJD-61258)**0.75      
      Estimated accuracies are:  Predictions     10 d   20 d   30 d   40 d     
                                 Polar coord's  0.004  0.007  0.010  0.013     
                                 UT1-UTC        0.0014 0.0024 0.0032 0.0040    
                                                                               
                    MJD      x(arcsec)   y(arcsec)   UT1-UTC(sec)              
       2026  8  7  61259       0.2231      0.3598      0.01061         
       2026  8  8  61260       0.2233      0.3591      0.01079         
       2026  8  9  61261       0.2234      0.3584      0.01115         
       2026  8 10  61262       0.2235      0.3576      0.01153         
       2026  8 11  61263       0.2234      0.3568      0.01176         
       2026  8 12  61264       0.2234      0.3559      0.01170         
       2026  8 13  61265       0.2233      0.3549      0.01131         
       2026  8 14  61266       0.2232      0.3540      0.01067         
       2026  8 15  61267       0.2231      0.3531      0.00991         
       2026  8 16  61268       0.2229      0.3521      0.00921         
       2026  8 17  61269       0.2227      0.3512      0.00866         
       2026  8 18  61270       0.2225      0.3502      0.00827         
       2026  8 19  61271       0.2223      0.3492      0.00809         
       2026  8 20  61272       0.2220      0.3482      0.00811         
       2026  8 21  61273       0.2217      0.3473      0.00827         
       2026  8 22  61274       0.2213      0.3463      0.00853         
       2026  8 23  61275       0.2210      0.3453      0.00885         
       2026  8 24  61276       0.2206      0.3444      0.00913         
       2026  8 25  61277       0.2201      0.3434      0.00929         
       2026  8 26  61278       0.2197      0.3424      0.00927         
       2026  8 27  61279       0.2192      0.3414      0.00902         
       2026  8 28  61280       0.2187      0.3404      0.00851         
       2026  8 29  61281       0.2182      0.3395      0.00776         
       2026  8 30  61282       0.2176      0.3385      0.00685         
       2026  8 31  61283       0.2170      0.3375      0.00588         
       2026  9  1  61284       0.2164      0.3365      0.00497         
       2026  9  2  61285       0.2158      0.3356      0.00421         
       2026  9  3  61286       0.2152      0.3346      0.00365         
       2026  9  4  61287       0.2145      0.3337      0.00330         
       2026  9  5  61288       0.2138      0.3327      0.00309         
       2026  9  6  61289       0.2131      0.3318      0.00291         
       2026  9  7  61290       0.2123      0.3309      0.00264         
       2026  9  8  61291       0.2116      0.3299      0.00218         
       2026  9  9  61292       0.2108      0.3290      0.00146         
       2026  9 10  61293       0.2100      0.3281      0.00051         
       2026  9 11  61294       0.2092      0.3272     -0.00061         
       2026  9 12  61295       0.2083      0.3263     -0.00177         
       2026  9 13  61296       0.2074      0.3254     -0.00286         
       2026  9 14  61297       0.2066      0.3246     -0.00379         
       2026  9 15  61298       0.2056      0.3237     -0.00451         
       2026  9 16  61299       0.2047      0.3228     -0.00502         
       2026  9 17  61300       0.2038      0.3220     -0.00534         
       2026  9 18  61301       0.2028      0.3212     -0.00555         
       2026  9 19  61302       0.2018      0.3204     -0.00571         
       2026  9 20  61303       0.2008      0.3196     -0.00588         
       2026  9 21  61304       0.1998      0.3188     -0.00615         
       2026  9 22  61305       0.1987      0.3180     -0.00659         
       2026  9 23  61306       0.1977      0.3172     -0.00725         
       2026  9 24  61307       0.1966      0.3165     -0.00815         
       2026  9 25  61308       0.1955      0.3157     -0.00929         
       2026  9 26  61309       0.1944      0.3150     -0.01060         
       2026  9 27  61310       0.1933      0.3143     -0.01199         
       2026  9 28  61311       0.1921      0.3136     -0.01334         
       2026  9 29  61312       0.1910      0.3129     -0.01451         
       2026  9 30  61313       0.1898      0.3123     -0.01544         
       2026 10  1  61314       0.1886      0.3116     -0.01612         
       2026 10  2  61315       0.1874      0.3110     -0.01660         
       2026 10  3  61316       0.1862      0.3104     -0.01700         
       2026 10  4  61317       0.1849      0.3098     -0.01745         
       2026 10  5  61318       0.1837      0.3092     -0.01807         
       2026 10  6  61319       0.1824      0.3086     -0.01891         
       2026 10  7  61320       0.1811      0.3081     -0.01999         
       2026 10  8  61321       0.1798      0.3076     -0.02126         
       2026 10  9  61322       0.1785      0.3070     -0.02260         
       2026 10 10  61323       0.1772      0.3066     -0.02391         
       2026 10 11  61324       0.1758      0.3061     -0.02509         
       2026 10 12  61325       0.1745      0.3056     -0.02605         
       2026 10 13  61326       0.1731      0.3052     -0.02679         
       2026 10 14  61327       0.1718      0.3048     -0.02731         
       2026 10 15  61328       0.1704      0.3044     -0.02765         
       2026 10 16  61329       0.1690      0.3040     -0.02788         
       2026 10 17  61330       0.1676      0.3036     -0.02809         
       2026 10 18  61331       0.1662      0.3033     -0.02834         
       2026 10 19  61332       0.1648      0.3030     -0.02870         
       2026 10 20  61333       0.1633      0.3027     -0.02924         
       2026 10 21  61334       0.1619      0.3024     -0.02998         
       2026 10 22  61335       0.1604      0.3021     -0.03094         
       2026 10 23  61336       0.1590      0.3019     -0.03208         
       2026 10 24  61337       0.1575      0.3017     -0.03335         
       2026 10 25  61338       0.1560      0.3015     -0.03462         
       2026 10 26  61339       0.1546      0.3013     -0.03577         
       2026 10 27  61340       0.1531      0.3011     -0.03670         
       2026 10 28  61341       0.1516      0.3010     -0.03736         
       2026 10 29  61342       0.1501      0.3009     -0.03779         
       2026 10 30  61343       0.1486      0.3008     -0.03810         
       2026 10 31  61344       0.1471      0.3007     -0.03841         
       2026 11  1  61345       0.1456      0.3007     -0.03886         
       2026 11  2  61346       0.1441      0.3006     -0.03951         
       2026 11  3  61347       0.1425      0.3006     -0.04039         
       2026 11  4  61348       0.1410      0.3006     -0.04144         
       2026 11  5  61349       0.1395      0.3007     -0.04257         
       2026 11  6  61350       0.1380      0.3007     -0.04368         
       2026 11  7  61351       0.1364      0.3008     -0.04467         
       2026 11  8  61352       0.1349      0.3009     -0.04549         
       2026 11  9  61353       0.1334      0.3010     -0.04607         
       2026 11 10  61354       0.1318      0.3012     -0.04644         
       2026 11 11  61355       0.1303      0.3014     -0.04661         
       2026 11 12  61356       0.1288      0.3016     -0.04664         
       2026 11 13  61357       0.1273      0.3018     -0.04661         
       2026 11 14  61358       0.1257      0.3020     -0.04659         
       2026 11 15  61359       0.1242      0.3023     -0.04666         
       2026 11 16  61360       0.1227      0.3026     -0.04687         
       2026 11 17  61361       0.1211      0.3029     -0.04726         
       2026 11 18  61362       0.1196      0.3032     -0.04786         
       2026 11 19  61363       0.1181      0.3035     -0.04864         
       2026 11 20  61364       0.1166      0.3039     -0.04957         
       2026 11 21  61365       0.1151      0.3043     -0.05056         
       2026 11 22  61366       0.1136      0.3047     -0.05149         
       2026 11 23  61367       0.1121      0.3051     -0.05247         
       2026 11 24  61368       0.1106      0.3056     -0.05320         
       2026 11 25  61369       0.1091      0.3061     -0.05369         
       2026 11 26  61370       0.1076      0.3066     -0.05399         
       2026 11 27  61371       0.1061      0.3071     -0.05425         
       2026 11 28  61372       0.1047      0.3077     -0.05461         
       2026 11 29  61373       0.1032      0.3082     -0.05517         
       2026 11 30  61374       0.1018      0.3088     -0.05596         
       2026 12  1  61375       0.1003      0.3094     -0.05694         
       2026 12  2  61376       0.0989      0.3101     -0.05800         
       2026 12  3  61377       0.0974      0.3107     -0.05904         
       2026 12  4  61378       0.0960      0.3114     -0.05998         
       2026 12  5  61379       0.0946      0.3121     -0.06073         
       2026 12  6  61380       0.0932      0.3128     -0.06127         
       2026 12  7  61381       0.0919      0.3136     -0.06159         
       2026 12  8  61382       0.0905      0.3143     -0.06171         
       2026 12  9  61383       0.0891      0.3151     -0.06169         
       2026 12 10  61384       0.0878      0.3159     -0.06159         
       2026 12 11  61385       0.0864      0.3168     -0.06148         
       2026 12 12  61386       0.0851      0.3176     -0.06144         
       2026 12 13  61387       0.0838      0.3185     -0.06153         
       2026 12 14  61388       0.0825      0.3194     -0.06179         
       2026 12 15  61389       0.0812      0.3203     -0.06223         
       2026 12 16  61390       0.0800      0.3212     -0.06284         
       2026 12 17  61391       0.0787      0.3221     -0.06359         
       2026 12 18  61392       0.0775      0.3231     -0.06442         
       2026 12 19  61393       0.0763      0.3241     -0.06523         
       2026 12 20  61394       0.0751      0.3251     -0.06594         
       2026 12 21  61395       0.0739      0.3261     -0.06644         
       2026 12 22  61396       0.0727      0.3271     -0.06670         
       2026 12 23  61397       0.0716      0.3282     -0.06677         
       2026 12 24  61398       0.0705      0.3293     -0.06674         
       2026 12 25  61399       0.0694      0.3304     -0.06677         
       2026 12 26  61400       0.0683      0.3315     -0.06700         
       2026 12 27  61401       0.0672      0.3326     -0.06748         
       2026 12 28  61402       0.0661      0.3337     -0.06819         
       2026 12 29  61403       0.0651      0.3349     -0.06903         
       2026 12 30  61404       0.0641      0.3361     -0.06988         
       2026 12 31  61405       0.0631      0.3373     -0.07062         
       2027  1  1  61406       0.0621      0.3385     -0.07117         
       2027  1  2  61407       0.0612      0.3397     -0.07150         
       2027  1  3  61408       0.0602      0.3409     -0.07160         
       2027  1  4  61409       0.0593      0.3422     -0.07150         
       2027  1  5  61410       0.0584      0.3434     -0.07125         
       2027  1  6  61411       0.0576      0.3447     -0.07091         
       2027  1  7  61412       0.0567      0.3460     -0.07056         
       2027  1  8  61413       0.0559      0.3473     -0.07026         
       2027  1  9  61414       0.0551      0.3486     -0.07009         
       2027  1 10  61415       0.0543      0.3500     -0.07009         
       2027  1 11  61416       0.0536      0.3513     -0.07027         
       2027  1 12  61417       0.0529      0.3527     -0.07063         
       2027  1 13  61418       0.0522      0.3541     -0.07113         
       2027  1 14  61419       0.0515      0.3554     -0.07172         
       2027  1 15  61420       0.0509      0.3568     -0.07232         
       2027  1 16  61421       0.0502      0.3582     -0.07284         
       2027  1 17  61422       0.0496      0.3596     -0.07320         
       2027  1 18  61423       0.0491      0.3611     -0.07337         
       2027  1 19  61424       0.0485      0.3625     -0.07334         
       2027  1 20  61425       0.0480      0.3639     -0.07320         
       2027  1 21  61426       0.0475      0.3654     -0.07307         
       2027  1 22  61427       0.0470      0.3669     -0.07311         
       2027  1 23  61428       0.0466      0.3683     -0.07342         
       2027  1 24  61429       0.0462      0.3698     -0.07402         
       2027  1 25  61430       0.0458      0.3713     -0.07484         
       2027  1 26  61431       0.0454      0.3728     -0.07575         
       2027  1 27  61432       0.0451      0.3743     -0.07659         
       2027  1 28  61433       0.0448      0.3758     -0.07726         
       2027  1 29  61434       0.0445      0.3773     -0.07770         
       2027  1 30  61435       0.0442      0.3788     -0.07790         
       2027  1 31  61436       0.0440      0.3803     -0.07788         
       2027  2  1  61437       0.0438      0.3819     -0.07770         
       2027  2  2  61438       0.0436      0.3834     -0.07742         
       2027  2  3  61439       0.0435      0.3849     -0.07711         
       2027  2  4  61440       0.0434      0.3865     -0.07684         
       2027  2  5  61441       0.0433      0.3880     -0.07668         
       2027  2  6  61442       0.0433      0.3895     -0.07668         
       2027  2  7  61443       0.0432      0.3911     -0.07686         
       2027  2  8  61444       0.0432      0.3926     -0.07722         
       2027  2  9  61445       0.0433      0.3942     -0.07772         
       2027  2 10  61446       0.0433      0.3957     -0.07829         
       2027  2 11  61447       0.0434      0.3973     -0.07886         
       2027  2 12  61448       0.0435      0.3988     -0.07933         
       2027  2 13  61449       0.0437      0.4004     -0.07962         
       2027  2 14  61450       0.0439      0.4019     -0.07970         
       2027  2 15  61451       0.0441      0.4035     -0.07956         
       2027  2 16  61452       0.0443      0.4050     -0.07928         
       2027  2 17  61453       0.0446      0.4066     -0.07896         
       2027  2 18  61454       0.0449      0.4081     -0.07875         
       2027  2 19  61455       0.0452      0.4096     -0.07877         
       2027  2 20  61456       0.0455      0.4112     -0.07911         
       2027  2 21  61457       0.0459      0.4127     -0.07975         
       2027  2 22  61458       0.0463      0.4142     -0.08059         
       2027  2 23  61459       0.0467      0.4158     -0.08150         
       2027  2 24  61460       0.0472      0.4173     -0.08233         
       2027  2 25  61461       0.0477      0.4188     -0.08299         
       2027  2 26  61462       0.0482      0.4203     -0.08345         
       2027  2 27  61463       0.0488      0.4218     -0.08372         
       2027  2 28  61464       0.0494      0.4233     -0.08384         
       2027  3  1  61465       0.0500      0.4248     -0.08387         
       2027  3  2  61466       0.0506      0.4262     -0.08387         
       2027  3  3  61467       0.0513      0.4277     -0.08390         
       2027  3  4  61468       0.0520      0.4292     -0.08403         
       2027  3  5  61469       0.0527      0.4306     -0.08432         
       2027  3  6  61470       0.0534      0.4321     -0.08479         
       2027  3  7  61471       0.0542      0.4335     -0.08544         
       2027  3  8  61472       0.0550      0.4349     -0.08625         
       2027  3  9  61473       0.0558      0.4363     -0.08714         
       2027  3 10  61474       0.0567      0.4377     -0.08804         
       2027  3 11  61475       0.0576      0.4391     -0.08886         
       2027  3 12  61476       0.0585      0.4405     -0.08954         
       2027  3 13  61477       0.0594      0.4419     -0.09004         
       2027  3 14  61478       0.0604      0.4432     -0.09037         
       2027  3 15  61479       0.0614      0.4445     -0.09055         
       2027  3 16  61480       0.0624      0.4459     -0.09067         
       2027  3 17  61481       0.0634      0.4472     -0.09086         
       2027  3 18  61482       0.0645      0.4485     -0.09128         
       2027  3 19  61483       0.0656      0.4498     -0.09198         
       2027  3 20  61484       0.0667      0.4510     -0.09302         
       2027  3 21  61485       0.0678      0.4523     -0.09432         
       2027  3 22  61486       0.0690      0.4535     -0.09578         
       2027  3 23  61487       0.0702      0.4547     -0.09718         
       2027  3 24  61488       0.0714      0.4559     -0.09843         
       2027  3 25  61489       0.0726      0.4571     -0.09938         
       2027  3 26  61490       0.0739      0.4583     -0.10008         
       2027  3 27  61491       0.0751      0.4594     -0.10059         
       2027  3 28  61492       0.0764      0.4606     -0.10091         
       2027  3 29  61493       0.0778      0.4617     -0.10108         
       2027  3 30  61494       0.0791      0.4628     -0.10117         
       2027  3 31  61495       0.0805      0.4639     -0.10132         
       2027  4  1  61496       0.0819      0.4649     -0.10165         
       2027  4  2  61497       0.0833      0.4660     -0.10216         
       2027  4  3  61498       0.0847      0.4670     -0.10285         
       2027  4  4  61499       0.0862      0.4680     -0.10374         
       2027  4  5  61500       0.0876      0.4690     -0.10469         
       2027  4  6  61501       0.0891      0.4699     -0.10571         
       2027  4  7  61502       0.0906      0.4708     -0.10663         
       2027  4  8  61503       0.0921      0.4718     -0.10744         
       2027  4  9  61504       0.0937      0.4726     -0.10809         
       2027  4 10  61505       0.0952      0.4735     -0.10845         
       2027  4 11  61506       0.0968      0.4744     -0.10870         
       2027  4 12  61507       0.0984      0.4752     -0.10883         
       2027  4 13  61508       0.1000      0.4760     -0.10894         
       2027  4 14  61509       0.1017      0.4768     -0.10920         
       2027  4 15  61510       0.1033      0.4775     -0.10966         
       2027  4 16  61511       0.1050      0.4783     -0.11033         
       2027  4 17  61512       0.1066      0.4790     -0.11128         
       2027  4 18  61513       0.1083      0.4796     -0.11242         
       2027  4 19  61514       0.1100      0.4803     -0.11365         
       2027  4 20  61515       0.1118      0.4809     -0.11473         
       2027  4 21  61516       0.1135      0.4815     -0.11556         
       2027  4 22  61517       0.1152      0.4821     -0.11613         
       2027  4 23  61518       0.1170      0.4827     -0.11649         
       2027  4 24  61519       0.1187      0.4832     -0.11670         
       2027  4 25  61520       0.1205      0.4837     -0.11686         
       2027  4 26  61521       0.1223      0.4842     -0.11692         
       2027  4 27  61522       0.1241      0.4847     -0.11707         
       2027  4 28  61523       0.1259      0.4851     -0.11732         
       2027  4 29  61524       0.1277      0.4855     -0.11775         
       2027  4 30  61525       0.1296      0.4859     -0.11837         
       2027  5  1  61526       0.1314      0.4862     -0.11915         
       2027  5  2  61527       0.1332      0.4865     -0.12006         
       2027  5  3  61528       0.1351      0.4868     -0.12096         
       2027  5  4  61529       0.1369      0.4871     -0.12183         
       2027  5  5  61530       0.1388      0.4874     -0.12257         
       2027  5  6  61531       0.1407      0.4876     -0.12314         
       2027  5  7  61532       0.1425      0.4878     -0.12346         
       2027  5  8  61533       0.1444      0.4879     -0.12352         
       2027  5  9  61534       0.1463      0.4880     -0.12341         
       2027  5 10  61535       0.1482      0.4881     -0.12320         
       2027  5 11  61536       0.1501      0.4882     -0.12311         
       2027  5 12  61537       0.1520      0.4883     -0.12324         
       2027  5 13  61538       0.1538      0.4883     -0.12366         
       2027  5 14  61539       0.1557      0.4883     -0.12431         
       2027  5 15  61540       0.1576      0.4882     -0.12500         
       2027  5 16  61541       0.1595      0.4882     -0.12568         
       2027  5 17  61542       0.1614      0.4881     -0.12634         
       2027  5 18  61543       0.1633      0.4880     -0.12677         
       2027  5 19  61544       0.1652      0.4878     -0.12692         
       2027  5 20  61545       0.1671      0.4876     -0.12680         
       2027  5 21  61546       0.1690      0.4874     -0.12649         
       2027  5 22  61547       0.1709      0.4872     -0.12597         
       2027  5 23  61548       0.1728      0.4869     -0.12537         
       2027  5 24  61549       0.1747      0.4866     -0.12479         
       2027  5 25  61550       0.1765      0.4863     -0.12427         
       2027  5 26  61551       0.1784      0.4860     -0.12383         
       2027  5 27  61552       0.1803      0.4856     -0.12361         
       2027  5 28  61553       0.1821      0.4852     -0.12361         
       2027  5 29  61554       0.1840      0.4848     -0.12371         
       2027  5 30  61555       0.1858      0.4843     -0.12391         
       2027  5 31  61556       0.1877      0.4838     -0.12407         
       2027  6  1  61557       0.1895      0.4833     -0.12412         
       2027  6  2  61558       0.1913      0.4828     -0.12405         
       2027  6  3  61559       0.1931      0.4822     -0.12381         
       2027  6  4  61560       0.1950      0.4816     -0.12328         
       2027  6  5  61561       0.1967      0.4810     -0.12265         
       2027  6  6  61562       0.1985      0.4804     -0.12180         
       2027  6  7  61563       0.2003      0.4797     -0.12091         
       2027  6  8  61564       0.2021      0.4790     -0.12017         
       2027  6  9  61565       0.2038      0.4783     -0.11964         
       2027  6 10  61566       0.2056      0.4775     -0.11926         
       2027  6 11  61567       0.2073      0.4767     -0.11897         
       2027  6 12  61568       0.2090      0.4759     -0.11864         
       2027  6 13  61569       0.2107      0.4751     -0.11814         
       2027  6 14  61570       0.2124      0.4742     -0.11743         
       2027  6 15  61571       0.2140      0.4733     -0.11652         
       2027  6 16  61572       0.2157      0.4724     -0.11537         
       2027  6 17  61573       0.2173      0.4715     -0.11403         
       2027  6 18  61574       0.2189      0.4705     -0.11254         
       2027  6 19  61575       0.2205      0.4695     -0.11101         
       2027  6 20  61576       0.2221      0.4685     -0.10947         
       2027  6 21  61577       0.2237      0.4675     -0.10794         
       2027  6 22  61578       0.2252      0.4664     -0.10654         
       2027  6 23  61579       0.2268      0.4654     -0.10536         
       2027  6 24  61580       0.2283      0.4643     -0.10443         
       2027  6 25  61581       0.2298      0.4631     -0.10364         
       2027  6 26  61582       0.2312      0.4620     -0.10304         
       2027  6 27  61583       0.2327      0.4608     -0.10253         
       2027  6 28  61584       0.2341      0.4596     -0.10188         
       2027  6 29  61585       0.2355      0.4584     -0.10116         
       2027  6 30  61586       0.2369      0.4572     -0.10032         
       2027  7  1  61587       0.2383      0.4559     -0.09929         
       2027  7  2  61588       0.2396      0.4546     -0.09818         
       2027  7  3  61589       0.2409      0.4533     -0.09688         
       2027  7  4  61590       0.2422      0.4520     -0.09557         
       2027  7  5  61591       0.2435      0.4507     -0.09446         
       2027  7  6  61592       0.2447      0.4493     -0.09363         
       2027  7  7  61593       0.2460      0.4479     -0.09315         
       2027  7  8  61594       0.2472      0.4465     -0.09290         
       2027  7  9  61595       0.2483      0.4451     -0.09269         
       2027  7 10  61596       0.2495      0.4437     -0.09243         
       2027  7 11  61597       0.2506      0.4422     -0.09195         
       2027  7 12  61598       0.2517      0.4408     -0.09125         
       2027  7 13  61599       0.2528      0.4393     -0.09031         
       2027  7 14  61600       0.2538      0.4378     -0.08916         
       2027  7 15  61601       0.2548      0.4363     -0.08787         
       2027  7 16  61602       0.2558      0.4347     -0.08657         
       2027  7 17  61603       0.2567      0.4332     -0.08513         
       2027  7 18  61604       0.2577      0.4316     -0.08370         
       2027  7 19  61605       0.2586      0.4300     -0.08239         
       2027  7 20  61606       0.2594      0.4284     -0.08123         
       2027  7 21  61607       0.2603      0.4268     -0.08019         
       2027  7 22  61608       0.2611      0.4252     -0.07929         
       2027  7 23  61609       0.2619      0.4236     -0.07859         
       2027  7 24  61610       0.2626      0.4219     -0.07794         
       2027  7 25  61611       0.2633      0.4203     -0.07732         
       2027  7 26  61612       0.2640      0.4186     -0.07663         
       2027  7 27  61613       0.2647      0.4169     -0.07582         
       2027  7 28  61614       0.2653      0.4152     -0.07485         
       2027  7 29  61615       0.2659      0.4135     -0.07369         
       2027  7 30  61616       0.2665      0.4118     -0.07243         
       2027  7 31  61617       0.2670      0.4101     -0.07114         
       2027  8  1  61618       0.2675      0.4083     -0.06997         
       2027  8  2  61619       0.2680      0.4066     -0.06895         
       2027  8  3  61620       0.2684      0.4049     -0.06822         
       2027  8  4  61621       0.2688      0.4031     -0.06773         
       2027  8  5  61622       0.2692      0.4013     -0.06742         
       2027  8  6  61623       0.2695      0.3996     -0.06713         
      These predictions are based on all announced leap seconds.               
                                                                               
      CELESTIAL POLE OFFSET SERIES:                                            
                           NEOS Celestial Pole Offset Series                   
                       MJD      dpsi    error     deps    error                
                                        (msec. of arc)                         
                      61243  -121.19    0.98  -11.97    0.23   
                      61244  -120.97    0.98  -12.07    0.23   
                      61245  -120.86    0.98  -12.04    0.23   
                      61246  -120.94    1.06  -12.01    0.19   
                      61247  -121.11    0.98  -12.07    0.22   
                      61248  -121.29    0.98  -12.14    0.22   
                      61249  -121.44    0.90  -12.06    0.25   
                                                                               
                     IERS Celestial Pole Offset Final Series                   
                           MJD          dpsi      deps                         
                                        (msec. of arc)                         
                          61193      -113.1     -12.8                      
                          61194      -113.1     -12.7                      
                          61195      -113.1     -12.6                      
                          61196      -113.0     -12.6                      
                          61197      -112.9     -12.4                      
                          61198      -112.7     -12.2                      
                          61199      -112.7     -12.1                      
                          61200      -113.0     -12.1                      
                          61201      -113.5     -12.3                      
                          61202      -114.0     -12.4                      
                          61203      -114.6     -12.3                      
                          61204      -115.2     -12.1                      
                          61205      -115.6     -12.2                      
                          61206      -115.5     -12.3                      
                          61207      -115.2     -12.2                      
                          61208      -114.9     -12.1                      
                          61209      -114.8     -12.1                      
                          61210      -114.8     -12.2                      
                          61211      -115.1     -12.1                      
                          61212      -115.7     -11.8                      
                          61213      -116.3     -11.7                      
                          61214      -116.5     -11.7                      
                          61215      -116.4     -11.9                      
                          61216      -116.2     -12.0                      
                          61217      -116.3     -12.1                      
                          61218      -116.5     -12.2                      
                          61219      -116.8     -12.5                      
                          61220      -117.1     -12.7                      
                          61221      -117.3     -12.6                      
                          61222      -117.3     -12.3                      
                                                            
                     IAU2000A Celestial Pole Offset Series  
                      MJD      dX     error     dY     error
                                    (msec. of arc)          
                      61243    0.363  0.388   -0.273   0.228          
                      61244    0.366  0.388   -0.266   0.228          
                      61245    0.369  0.388   -0.259   0.228          
                      61246    0.371  0.423   -0.252   0.191          
                      61247    0.371  0.390   -0.245   0.223          
                      61248    0.371  0.390   -0.238   0.223          
                      61249    0.371  0.359   -0.232   0.247          
                                                                               
                                                                               
                 IAU2000A Celestial Pole Offset Final Series 
                             MJD     dX         dY           
                             (msec. of arc)          
                           61193     0.38      -0.15
                           61194     0.39      -0.21
                           61195     0.40      -0.27
                           61196     0.42      -0.33
                           61197     0.44      -0.34
                           61198     0.45      -0.33
                           61199     0.45      -0.30
                           61200     0.45      -0.29
                           61201     0.43      -0.32
                           61202     0.41      -0.36
                           61203     0.38      -0.39
                           61204     0.36      -0.34
                           61205     0.34      -0.25
                           61206     0.33      -0.15
                           61207     0.32      -0.07
                           61208     0.32      -0.07
                           61209     0.32      -0.10
                           61210     0.32      -0.14
                           61211     0.33      -0.18
                           61212     0.35      -0.22
                           61213     0.37      -0.24
                           61214     0.39      -0.26
                           61215     0.40      -0.24
                           61216     0.41      -0.21
                           61217     0.41      -0.18
                           61218     0.40      -0.18
                           61219     0.38      -0.20
                           61220     0.36      -0.23
                           61221     0.35      -0.27
                           61222     0.36      -0.30
                                                                               
