                                                                               
      **********************************************************************   
      *                                                                    *   
      *                   I E R S   B U L L E T I N - A                    *   
      *                                                                    *   
      *           Rapid Service/Prediction of Earth Orientation            *   
      **********************************************************************   
      13 August 2026                                      Vol. XXXIX No. 033   
      ______________________________________________________________________   
      GENERAL INFORMATION:                                                     
         MJD = Julian Date - 2 400 000.5 days                                  
         UT2-UT1 = 0.022 sin(2*pi*T) - 0.012 cos(2*pi*T)                       
                                     - 0.006 sin(4*pi*T) + 0.007 cos(4*pi*T)   
            where pi = 3.14159265... and T is the date in Besselian years.     
         TT = TAI + 32.184 seconds                                             
         DUT1= (UT1-UTC) transmitted with time signals                         
             = 0.0 seconds beginning 09 April 2026 at 0000 UTC                 
         Beginning 1 January 2017:                                             
            TAI-UTC = 37.000 000 seconds                                       
     ***********************************************************************
     * ANNOUNCEMENTS:                                                      *
     *                                                                     *
     * There will NOT be a leap second introduced in UTC                   *
     * at the end of December 2026.                                        *
     *                                                                     *
     * The primary source for IERS Rapid Service/Prediction Center (RS/PC) *
     * data products is the official IERS RS/PC website:                   *
     *   https://maia.usno.navy.mil                                        *
     *                                                                     *
     * IERS RS/PC products are also available from:                        *
     *   NASA CDDIS: https://cddis.nasa.gov/archive/products/iers/         *
     *   NASA CDDIS: ftps://gdc.cddis.eosdis.nasa.gov/products/iers/       *
     *   IERS Central Bureau: https://datacenter.iers.org/eop.php          *
     *                                                                     *
     * Questions about IERS RS/PC products can be emailed to:              *
     *   eopcp@us.navy.mil                                                 *
     *                                                                     *
     * Distribution statement A:                                           *
     *   Approved for public release: distribution unlimited.              *
     *                                                                     *
     ***********************************************************************
     ________________________________________________________________________  
       The contributed observations used in the preparation of this Bulletin   
       are available at <http://www.usno.navy.mil/USNO/earth-orientation/      
       eo-info/general/input-data>. The contributed analysis results are based 
       on data from Very Long Baseline Interferometry (VLBI), Satellite Laser  
       Ranging (SLR), the Global Positioning System (GPS) satellites, Lunar    
       Laser Ranging (LLR), and meteorological predictions of variations in    
       Atmospheric Angular Momentum (AAM).                                     
     ________________________________________________________________________  
                                                                               
      COMBINED EARTH ORIENTATION PARAMETERS:                                   
                                                                               
                              IERS Rapid Service                               
              MJD      x    error     y    error   UT1-UTC   error             
                       "      "       "      "        s        s               
   26  8  7  61259 0.22311 .00009 0.36005 .00009  0.010528 0.000018          
   26  8  8  61260 0.22347 .00009 0.35954 .00009  0.010739 0.000023          
   26  8  9  61261 0.22359 .00009 0.35917 .00009  0.011086 0.000023          
   26  8 10  61262 0.22325 .00009 0.35865 .00009  0.011459 0.000022          
   26  8 11  61263 0.22286 .00009 0.35786 .00009  0.011730 0.000021          
   26  8 12  61264 0.22281 .00009 0.35701 .00009  0.011614 0.000017          
   26  8 13  61265 0.22301 .00009 0.35626 .00009  0.011154 0.000011          
                                                                               
      _______________________________________________________________________  
                                                                               
      PREDICTIONS:                                                             
      The following formulas will not reproduce the predictions given below,   
      but may be used to extend the predictions beyond the end of this table.  
                                                                               
      x =  0.1522 + 0.1263 cos A - 0.0001 sin A - 0.0588 cos C - 0.0332 sin C  
      y =  0.3783 + 0.0046 cos A - 0.1163 sin A - 0.0332 cos C + 0.0588 sin C  
         UT1-UTC = -0.0490 - 0.00018 (MJD - 61273) - (UT2-UT1)                 
                                                                               
      where A = 2*pi*(MJD-61265)/365.25 and C = 2*pi*(MJD-61265)/435.          
                                                                               
         TAI-UTC(MJD 61266) = 37.0                                             
      The accuracy may be estimated from the expressions:                      
      S x,y = 0.00068 (MJD-61265)**0.80   S t = 0.00025 (MJD-61265)**0.75      
      Estimated accuracies are:  Predictions     10 d   20 d   30 d   40 d     
                                 Polar coord's  0.004  0.007  0.010  0.013     
                                 UT1-UTC        0.0014 0.0024 0.0032 0.0040    
                                                                               
                    MJD      x(arcsec)   y(arcsec)   UT1-UTC(sec)              
       2026  8 14  61266       0.2231      0.3555      0.01045         
       2026  8 15  61267       0.2232      0.3547      0.00961         
       2026  8 16  61268       0.2233      0.3539      0.00881         
       2026  8 17  61269       0.2231      0.3531      0.00818         
       2026  8 18  61270       0.2229      0.3522      0.00777         
       2026  8 19  61271       0.2227      0.3513      0.00758         
       2026  8 20  61272       0.2224      0.3504      0.00758         
       2026  8 21  61273       0.2221      0.3495      0.00774         
       2026  8 22  61274       0.2218      0.3486      0.00801         
       2026  8 23  61275       0.2215      0.3476      0.00831         
       2026  8 24  61276       0.2211      0.3467      0.00856         
       2026  8 25  61277       0.2208      0.3458      0.00866         
       2026  8 26  61278       0.2204      0.3449      0.00856         
       2026  8 27  61279       0.2200      0.3439      0.00826         
       2026  8 28  61280       0.2196      0.3430      0.00774         
       2026  8 29  61281       0.2191      0.3420      0.00699         
       2026  8 30  61282       0.2186      0.3411      0.00610         
       2026  8 31  61283       0.2181      0.3401      0.00517         
       2026  9  1  61284       0.2176      0.3392      0.00430         
       2026  9  2  61285       0.2170      0.3382      0.00360         
       2026  9  3  61286       0.2164      0.3373      0.00313         
       2026  9  4  61287       0.2158      0.3364      0.00288         
       2026  9  5  61288       0.2151      0.3354      0.00277         
       2026  9  6  61289       0.2145      0.3345      0.00269         
       2026  9  7  61290       0.2138      0.3336      0.00250         
       2026  9  8  61291       0.2131      0.3327      0.00207         
       2026  9  9  61292       0.2123      0.3318      0.00134         
       2026  9 10  61293       0.2116      0.3309      0.00033         
       2026  9 11  61294       0.2108      0.3300     -0.00088         
       2026  9 12  61295       0.2100      0.3291     -0.00216         
       2026  9 13  61296       0.2092      0.3282     -0.00338         
       2026  9 14  61297       0.2084      0.3273     -0.00446         
       2026  9 15  61298       0.2075      0.3265     -0.00534         
       2026  9 16  61299       0.2066      0.3256     -0.00599         
       2026  9 17  61300       0.2057      0.3248     -0.00645         
       2026  9 18  61301       0.2048      0.3239     -0.00675         
       2026  9 19  61302       0.2039      0.3231     -0.00698         
       2026  9 20  61303       0.2029      0.3223     -0.00719         
       2026  9 21  61304       0.2019      0.3215     -0.00748         
       2026  9 22  61305       0.2010      0.3207     -0.00791         
       2026  9 23  61306       0.1999      0.3200     -0.00855         
       2026  9 24  61307       0.1989      0.3192     -0.00944         
       2026  9 25  61308       0.1979      0.3185     -0.01055         
       2026  9 26  61309       0.1968      0.3177     -0.01185         
       2026  9 27  61310       0.1957      0.3170     -0.01325         
       2026  9 28  61311       0.1946      0.3163     -0.01461         
       2026  9 29  61312       0.1935      0.3156     -0.01584         
       2026  9 30  61313       0.1924      0.3149     -0.01684         
       2026 10  1  61314       0.1912      0.3143     -0.01761         
       2026 10  2  61315       0.1900      0.3136     -0.01820         
       2026 10  3  61316       0.1889      0.3130     -0.01873         
       2026 10  4  61317       0.1877      0.3124     -0.01932         
       2026 10  5  61318       0.1865      0.3118     -0.02009         
       2026 10  6  61319       0.1852      0.3112     -0.02110         
       2026 10  7  61320       0.1840      0.3106     -0.02235         
       2026 10  8  61321       0.1827      0.3101     -0.02379         
       2026 10  9  61322       0.1815      0.3096     -0.02531         
       2026 10 10  61323       0.1802      0.3090     -0.02680         
       2026 10 11  61324       0.1789      0.3086     -0.02815         
       2026 10 12  61325       0.1776      0.3081     -0.02929         
       2026 10 13  61326       0.1763      0.3076     -0.03019         
       2026 10 14  61327       0.1749      0.3072     -0.03087         
       2026 10 15  61328       0.1736      0.3068     -0.03138         
       2026 10 16  61329       0.1722      0.3063     -0.03178         
       2026 10 17  61330       0.1709      0.3060     -0.03214         
       2026 10 18  61331       0.1695      0.3056     -0.03254         
       2026 10 19  61332       0.1681      0.3052     -0.03305         
       2026 10 20  61333       0.1667      0.3049     -0.03374         
       2026 10 21  61334       0.1653      0.3046     -0.03463         
       2026 10 22  61335       0.1639      0.3043     -0.03573         
       2026 10 23  61336       0.1625      0.3041     -0.03702         
       2026 10 24  61337       0.1611      0.3038     -0.03843         
       2026 10 25  61338       0.1596      0.3036     -0.03984         
       2026 10 26  61339       0.1582      0.3034     -0.04114         
       2026 10 27  61340       0.1567      0.3032     -0.04221         
       2026 10 28  61341       0.1553      0.3030     -0.04301         
       2026 10 29  61342       0.1538      0.3029     -0.04358         
       2026 10 30  61343       0.1523      0.3028     -0.04400         
       2026 10 31  61344       0.1509      0.3027     -0.04443         
       2026 11  1  61345       0.1494      0.3026     -0.04499         
       2026 11  2  61346       0.1479      0.3025     -0.04576         
       2026 11  3  61347       0.1464      0.3025     -0.04674         
       2026 11  4  61348       0.1449      0.3025     -0.04789         
       2026 11  5  61349       0.1434      0.3025     -0.04912         
       2026 11  6  61350       0.1419      0.3025     -0.05033         
       2026 11  7  61351       0.1404      0.3025     -0.05143         
       2026 11  8  61352       0.1389      0.3026     -0.05235         
       2026 11  9  61353       0.1374      0.3027     -0.05305         
       2026 11 10  61354       0.1359      0.3028     -0.05353         
       2026 11 11  61355       0.1344      0.3029     -0.05381         
       2026 11 12  61356       0.1329      0.3031     -0.05397         
       2026 11 13  61357       0.1314      0.3033     -0.05405         
       2026 11 14  61358       0.1299      0.3035     -0.05415         
       2026 11 15  61359       0.1284      0.3037     -0.05433         
       2026 11 16  61360       0.1269      0.3039     -0.05465         
       2026 11 17  61361       0.1254      0.3042     -0.05515         
       2026 11 18  61362       0.1239      0.3045     -0.05583         
       2026 11 19  61363       0.1224      0.3048     -0.05670         
       2026 11 20  61364       0.1209      0.3051     -0.05771         
       2026 11 21  61365       0.1194      0.3055     -0.05877         
       2026 11 22  61366       0.1179      0.3059     -0.05976         
       2026 11 23  61367       0.1164      0.3063     -0.06058         
       2026 11 24  61368       0.1149      0.3067     -0.06115         
       2026 11 25  61369       0.1135      0.3071     -0.06147         
       2026 11 26  61370       0.1120      0.3076     -0.06160         
       2026 11 27  61371       0.1105      0.3081     -0.06169         
       2026 11 28  61372       0.1091      0.3086     -0.06188         
       2026 11 29  61373       0.1076      0.3091     -0.06228         
       2026 11 30  61374       0.1062      0.3097     -0.06312         
       2026 12  1  61375       0.1048      0.3103     -0.06414         
       2026 12  2  61376       0.1034      0.3108     -0.06526         
       2026 12  3  61377       0.1019      0.3115     -0.06635         
       2026 12  4  61378       0.1005      0.3121     -0.06734         
       2026 12  5  61379       0.0991      0.3128     -0.06814         
       2026 12  6  61380       0.0978      0.3134     -0.06874         
       2026 12  7  61381       0.0964      0.3141     -0.06911         
       2026 12  8  61382       0.0950      0.3149     -0.06929         
       2026 12  9  61383       0.0937      0.3156     -0.06932         
       2026 12 10  61384       0.0923      0.3164     -0.06927         
       2026 12 11  61385       0.0910      0.3171     -0.06922         
       2026 12 12  61386       0.0897      0.3179     -0.06924         
       2026 12 13  61387       0.0884      0.3188     -0.06938         
       2026 12 14  61388       0.0871      0.3196     -0.06968         
       2026 12 15  61389       0.0858      0.3205     -0.07017         
       2026 12 16  61390       0.0846      0.3213     -0.07083         
       2026 12 17  61391       0.0833      0.3222     -0.07163         
       2026 12 18  61392       0.0821      0.3232     -0.07250         
       2026 12 19  61393       0.0809      0.3241     -0.07336         
       2026 12 20  61394       0.0797      0.3251     -0.07411         
       2026 12 21  61395       0.0785      0.3260     -0.07466         
       2026 12 22  61396       0.0773      0.3270     -0.07497         
       2026 12 23  61397       0.0762      0.3280     -0.07508         
       2026 12 24  61398       0.0750      0.3291     -0.07510         
       2026 12 25  61399       0.0739      0.3301     -0.07518         
       2026 12 26  61400       0.0728      0.3312     -0.07546         
       2026 12 27  61401       0.0717      0.3322     -0.07599         
       2026 12 28  61402       0.0707      0.3333     -0.07676         
       2026 12 29  61403       0.0696      0.3345     -0.07766         
       2026 12 30  61404       0.0686      0.3356     -0.07857         
       2026 12 31  61405       0.0676      0.3367     -0.07937         
       2027  1  1  61406       0.0666      0.3379     -0.07999         
       2027  1  2  61407       0.0657      0.3391     -0.08038         
       2027  1  3  61408       0.0647      0.3403     -0.08055         
       2027  1  4  61409       0.0638      0.3415     -0.08052         
       2027  1  5  61410       0.0629      0.3427     -0.08034         
       2027  1  6  61411       0.0620      0.3439     -0.08007         
       2027  1  7  61412       0.0612      0.3452     -0.07978         
       2027  1  8  61413       0.0603      0.3464     -0.07955         
       2027  1  9  61414       0.0595      0.3477     -0.07945         
       2027  1 10  61415       0.0587      0.3490     -0.07950         
       2027  1 11  61416       0.0580      0.3503     -0.07974         
       2027  1 12  61417       0.0572      0.3516     -0.08016         
       2027  1 13  61418       0.0565      0.3529     -0.08071         
       2027  1 14  61419       0.0558      0.3543     -0.08135         
       2027  1 15  61420       0.0551      0.3556     -0.08199         
       2027  1 16  61421       0.0545      0.3570     -0.08255         
       2027  1 17  61422       0.0539      0.3584     -0.08296         
       2027  1 18  61423       0.0533      0.3598     -0.08315         
       2027  1 19  61424       0.0527      0.3611     -0.08315         
       2027  1 20  61425       0.0522      0.3625     -0.08303         
       2027  1 21  61426       0.0517      0.3640     -0.08293         
       2027  1 22  61427       0.0512      0.3654     -0.08300         
       2027  1 23  61428       0.0507      0.3668     -0.08333         
       2027  1 24  61429       0.0503      0.3682     -0.08395         
       2027  1 25  61430       0.0498      0.3697     -0.08480         
       2027  1 26  61431       0.0494      0.3711     -0.08573         
       2027  1 27  61432       0.0491      0.3726     -0.08660         
       2027  1 28  61433       0.0488      0.3741     -0.08730         
       2027  1 29  61434       0.0484      0.3755     -0.08778         
       2027  1 30  61435       0.0482      0.3770     -0.08801         
       2027  1 31  61436       0.0479      0.3785     -0.08804         
       2027  2  1  61437       0.0477      0.3800     -0.08791         
       2027  2  2  61438       0.0475      0.3815     -0.08768         
       2027  2  3  61439       0.0473      0.3830     -0.08744         
       2027  2  4  61440       0.0472      0.3845     -0.08724         
       2027  2  5  61441       0.0471      0.3860     -0.08716         
       2027  2  6  61442       0.0470      0.3875     -0.08725         
       2027  2  7  61443       0.0469      0.3890     -0.08754         
       2027  2  8  61444       0.0469      0.3905     -0.08803         
       2027  2  9  61445       0.0469      0.3920     -0.08868         
       2027  2 10  61446       0.0469      0.3935     -0.08943         
       2027  2 11  61447       0.0470      0.3950     -0.09020         
       2027  2 12  61448       0.0470      0.3965     -0.09090         
       2027  2 13  61449       0.0472      0.3980     -0.09145         
       2027  2 14  61450       0.0473      0.3996     -0.09180         
       2027  2 15  61451       0.0475      0.4011     -0.09195         
       2027  2 16  61452       0.0477      0.4026     -0.09194         
       2027  2 17  61453       0.0479      0.4041     -0.09189         
       2027  2 18  61454       0.0481      0.4056     -0.09192         
       2027  2 19  61455       0.0484      0.4071     -0.09215         
       2027  2 20  61456       0.0487      0.4086     -0.09265         
       2027  2 21  61457       0.0491      0.4101     -0.09340         
       2027  2 22  61458       0.0494      0.4116     -0.09429         
       2027  2 23  61459       0.0498      0.4131     -0.09518         
       2027  2 24  61460       0.0503      0.4146     -0.09594         
       2027  2 25  61461       0.0507      0.4161     -0.09647         
       2027  2 26  61462       0.0512      0.4175     -0.09673         
       2027  2 27  61463       0.0517      0.4190     -0.09675         
       2027  2 28  61464       0.0522      0.4205     -0.09657         
       2027  3  1  61465       0.0528      0.4219     -0.09626         
       2027  3  2  61466       0.0534      0.4234     -0.09591         
       2027  3  3  61467       0.0540      0.4248     -0.09560         
       2027  3  4  61468       0.0547      0.4263     -0.09542         
       2027  3  5  61469       0.0553      0.4277     -0.09541         
       2027  3  6  61470       0.0560      0.4291     -0.09564         
       2027  3  7  61471       0.0568      0.4305     -0.09612         
       2027  3  8  61472       0.0575      0.4319     -0.09682         
       2027  3  9  61473       0.0583      0.4333     -0.09769         
       2027  3 10  61474       0.0591      0.4347     -0.09865         
       2027  3 11  61475       0.0600      0.4360     -0.09960         
       2027  3 12  61476       0.0608      0.4374     -0.10045         
       2027  3 13  61477       0.0617      0.4387     -0.10112         
       2027  3 14  61478       0.0626      0.4401     -0.10160         
       2027  3 15  61479       0.0636      0.4414     -0.10192         
       2027  3 16  61480       0.0645      0.4427     -0.10218         
       2027  3 17  61481       0.0655      0.4440     -0.10249         
       2027  3 18  61482       0.0666      0.4453     -0.10299         
       2027  3 19  61483       0.0676      0.4465     -0.10377         
       2027  3 20  61484       0.0687      0.4478     -0.10482         
       2027  3 21  61485       0.0698      0.4490     -0.10606         
       2027  3 22  61486       0.0709      0.4503     -0.10735         
       2027  3 23  61487       0.0720      0.4515     -0.10856         
       2027  3 24  61488       0.0732      0.4526     -0.10956         
       2027  3 25  61489       0.0744      0.4538     -0.11027         
       2027  3 26  61490       0.0756      0.4550     -0.11075         
       2027  3 27  61491       0.0768      0.4561     -0.11104         
       2027  3 28  61492       0.0781      0.4572     -0.11116         
       2027  3 29  61493       0.0793      0.4583     -0.11126         
       2027  3 30  61494       0.0806      0.4594     -0.11131         
       2027  3 31  61495       0.0820      0.4605     -0.11144         
       2027  4  1  61496       0.0833      0.4615     -0.11176         
       2027  4  2  61497       0.0847      0.4626     -0.11225         
       2027  4  3  61498       0.0860      0.4636     -0.11299         
       2027  4  4  61499       0.0874      0.4646     -0.11394         
       2027  4  5  61500       0.0889      0.4655     -0.11510         
       2027  4  6  61501       0.0903      0.4665     -0.11631         
       2027  4  7  61502       0.0918      0.4674     -0.11752         
       2027  4  8  61503       0.0932      0.4683     -0.11857         
       2027  4  9  61504       0.0947      0.4692     -0.11941         
       2027  4 10  61505       0.0963      0.4701     -0.12006         
       2027  4 11  61506       0.0978      0.4709     -0.12050         
       2027  4 12  61507       0.0993      0.4718     -0.12075         
       2027  4 13  61508       0.1009      0.4726     -0.12096         
       2027  4 14  61509       0.1025      0.4733     -0.12128         
       2027  4 15  61510       0.1041      0.4741     -0.12188         
       2027  4 16  61511       0.1057      0.4748     -0.12273         
       2027  4 17  61512       0.1073      0.4755     -0.12379         
       2027  4 18  61513       0.1090      0.4762     -0.12499         
       2027  4 19  61514       0.1106      0.4769     -0.12611         
       2027  4 20  61515       0.1123      0.4775     -0.12710         
       2027  4 21  61516       0.1140      0.4781     -0.12780         
       2027  4 22  61517       0.1157      0.4787     -0.12825         
       2027  4 23  61518       0.1174      0.4793     -0.12849         
       2027  4 24  61519       0.1191      0.4798     -0.12847         
       2027  4 25  61520       0.1208      0.4803     -0.12840         
       2027  4 26  61521       0.1226      0.4808     -0.12828         
       2027  4 27  61522       0.1243      0.4813     -0.12816         
       2027  4 28  61523       0.1261      0.4817     -0.12814         
       2027  4 29  61524       0.1279      0.4821     -0.12824         
       2027  4 30  61525       0.1297      0.4825     -0.12848         
       2027  5  1  61526       0.1315      0.4829     -0.12894         
       2027  5  2  61527       0.1333      0.4832     -0.12962         
       2027  5  3  61528       0.1351      0.4835     -0.13047         
       2027  5  4  61529       0.1369      0.4838     -0.13132         
       2027  5  5  61530       0.1387      0.4841     -0.13203         
       2027  5  6  61531       0.1405      0.4843     -0.13257         
       2027  5  7  61532       0.1424      0.4845     -0.13292         
       2027  5  8  61533       0.1442      0.4847     -0.13309         
       2027  5  9  61534       0.1460      0.4848     -0.13317         
       2027  5 10  61535       0.1479      0.4849     -0.13318         
       2027  5 11  61536       0.1497      0.4850     -0.13334         
       2027  5 12  61537       0.1516      0.4851     -0.13370         
       2027  5 13  61538       0.1534      0.4851     -0.13432         
       2027  5 14  61539       0.1553      0.4851     -0.13516         
       2027  5 15  61540       0.1571      0.4851     -0.13611         
       2027  5 16  61541       0.1590      0.4851     -0.13705         
       2027  5 17  61542       0.1609      0.4850     -0.13779         
       2027  5 18  61543       0.1627      0.4849     -0.13829         
       2027  5 19  61544       0.1646      0.4848     -0.13850         
       2027  5 20  61545       0.1664      0.4846     -0.13847         
       2027  5 21  61546       0.1683      0.4844     -0.13821         
       2027  5 22  61547       0.1701      0.4842     -0.13776         
       2027  5 23  61548       0.1720      0.4840     -0.13722         
       2027  5 24  61549       0.1738      0.4837     -0.13660         
       2027  5 25  61550       0.1757      0.4834     -0.13608         
       2027  5 26  61551       0.1775      0.4831     -0.13571         
       2027  5 27  61552       0.1794      0.4827     -0.13555         
       2027  5 28  61553       0.1812      0.4824     -0.13558         
       2027  5 29  61554       0.1830      0.4820     -0.13567         
       2027  5 30  61555       0.1848      0.4815     -0.13585         
       2027  5 31  61556       0.1866      0.4811     -0.13614         
       2027  6  1  61557       0.1884      0.4806     -0.13635         
       2027  6  2  61558       0.1902      0.4801     -0.13638         
       2027  6  3  61559       0.1920      0.4795     -0.13619         
       2027  6  4  61560       0.1938      0.4790     -0.13579         
       2027  6  5  61561       0.1956      0.4784     -0.13515         
       2027  6  6  61562       0.1973      0.4778     -0.13444         
       2027  6  7  61563       0.1991      0.4771     -0.13381         
       2027  6  8  61564       0.2008      0.4764     -0.13334         
       2027  6  9  61565       0.2025      0.4757     -0.13309         
       2027  6 10  61566       0.2042      0.4750     -0.13312         
       2027  6 11  61567       0.2059      0.4743     -0.13333         
       2027  6 12  61568       0.2076      0.4735     -0.13353         
       2027  6 13  61569       0.2093      0.4727     -0.13362         
       2027  6 14  61570       0.2110      0.4719     -0.13345         
       2027  6 15  61571       0.2126      0.4710     -0.13298         
       2027  6 16  61572       0.2142      0.4701     -0.13228         
       2027  6 17  61573       0.2159      0.4692     -0.13141         
       2027  6 18  61574       0.2175      0.4683     -0.13031         
       2027  6 19  61575       0.2190      0.4674     -0.12920         
       2027  6 20  61576       0.2206      0.4664     -0.12793         
       2027  6 21  61577       0.2221      0.4654     -0.12662         
       2027  6 22  61578       0.2237      0.4644     -0.12539         
       2027  6 23  61579       0.2252      0.4633     -0.12427         
       2027  6 24  61580       0.2267      0.4623     -0.12325         
       2027  6 25  61581       0.2282      0.4612     -0.12233         
       2027  6 26  61582       0.2296      0.4601     -0.12146         
       2027  6 27  61583       0.2310      0.4589     -0.12059         
       2027  6 28  61584       0.2325      0.4578     -0.11966         
       2027  6 29  61585       0.2339      0.4566     -0.11868         
       2027  6 30  61586       0.2352      0.4554     -0.11754         
       2027  7  1  61587       0.2366      0.4542     -0.11623         
       2027  7  2  61588       0.2379      0.4529     -0.11474         
       2027  7  3  61589       0.2392      0.4517     -0.11319         
       2027  7  4  61590       0.2405      0.4504     -0.11167         
       2027  7  5  61591       0.2417      0.4491     -0.11028         
       2027  7  6  61592       0.2430      0.4478     -0.10916         
       2027  7  7  61593       0.2442      0.4464     -0.10839         
       2027  7  8  61594       0.2454      0.4451     -0.10789         
       2027  7  9  61595       0.2465      0.4437     -0.10747         
       2027  7 10  61596       0.2477      0.4423     -0.10705         
       2027  7 11  61597       0.2488      0.4409     -0.10649         
       2027  7 12  61598       0.2499      0.4394     -0.10556         
       2027  7 13  61599       0.2509      0.4380     -0.10441         
       2027  7 14  61600       0.2520      0.4365     -0.10308         
       2027  7 15  61601       0.2530      0.4351     -0.10160         
       2027  7 16  61602       0.2540      0.4336     -0.10014         
       2027  7 17  61603       0.2549      0.4320     -0.09858         
       2027  7 18  61604       0.2558      0.4305     -0.09704         
       2027  7 19  61605       0.2567      0.4290     -0.09564         
       2027  7 20  61606       0.2576      0.4274     -0.09443         
       2027  7 21  61607       0.2584      0.4259     -0.09346         
       2027  7 22  61608       0.2592      0.4243     -0.09269         
       2027  7 23  61609       0.2600      0.4227     -0.09200         
       2027  7 24  61610       0.2608      0.4211     -0.09143         
       2027  7 25  61611       0.2615      0.4195     -0.09083         
       2027  7 26  61612       0.2622      0.4178     -0.09018         
       2027  7 27  61613       0.2628      0.4162     -0.08941         
       2027  7 28  61614       0.2635      0.4145     -0.08849         
       2027  7 29  61615       0.2641      0.4129     -0.08741         
       2027  7 30  61616       0.2646      0.4112     -0.08630         
       2027  7 31  61617       0.2652      0.4095     -0.08505         
       2027  8  1  61618       0.2657      0.4078     -0.08390         
       2027  8  2  61619       0.2662      0.4061     -0.08300         
       2027  8  3  61620       0.2666      0.4044     -0.08241         
       2027  8  4  61621       0.2670      0.4027     -0.08205         
       2027  8  5  61622       0.2674      0.4010     -0.08184         
       2027  8  6  61623       0.2677      0.3993     -0.08169         
       2027  8  7  61624       0.2681      0.3976     -0.08138         
       2027  8  8  61625       0.2683      0.3958     -0.08087         
       2027  8  9  61626       0.2686      0.3941     -0.08008         
       2027  8 10  61627       0.2688      0.3923     -0.07906         
       2027  8 11  61628       0.2690      0.3906     -0.07788         
       2027  8 12  61629       0.2692      0.3888     -0.07658         
       2027  8 13  61630       0.2693      0.3871     -0.07528         
      These predictions are based on all announced leap seconds.               
                                                                               
      CELESTIAL POLE OFFSET SERIES:                                            
                           NEOS Celestial Pole Offset Series                   
                       MJD      dpsi    error     deps    error                
                                        (msec. of arc)                         
                      61250  -121.43    0.90  -11.81    0.25   
                      61251  -121.39    0.90  -11.52    0.25   
                      61252  -121.36    0.90  -11.39    0.25   
                      61253  -121.44    0.32  -11.47    0.16   
                      61254  -121.60    1.25  -11.63    0.25   
                      61255  -121.75    1.25  -11.76    0.25   
                      61256  -121.84    1.25  -11.83    0.25   
                                                            
                     IAU2000A Celestial Pole Offset Series  
                      MJD      dX     error     dY     error
                                    (msec. of arc)          
                      61250    0.407  0.359   -0.243   0.247          
                      61251    0.417  0.359   -0.240   0.247          
                      61252    0.427  0.359   -0.237   0.247          
                      61253    0.439  0.128   -0.234   0.160          
                      61254    0.451  0.498   -0.232   0.246          
                      61255    0.464  0.498   -0.229   0.246          
                      61256    0.478  0.498   -0.227   0.246          
                                                                               
