Atmospheric tide model: Ray-Ponte, 2003                                                      
normalized model (mbar), no Doodson convention applied                                       
Doodson Darw  l   m    Csin+     Ccos+       Csin-     Ccos-       C+   eps+      C-   eps-  
163.555  P1   2   0  0.001082  0.010981    0.000000  0.000000   0.0110   5.627 0.0000   0.000
163.555  P1   2   1  0.000606 -0.013075    0.005277 -0.000125   0.0131 177.347 0.0053  91.350
163.555  P1   2   2 -0.000742 -0.003630   -0.001406  0.000014   0.0037 191.557 0.0014 270.570
163.555  P1   3   0  0.012322 -0.006359    0.000000  0.000000   0.0139 117.298 0.0000   0.000
163.555  P1   3   1 -0.015752  0.005002    0.007386  0.004463   0.0166 287.621 0.0086  58.857
163.555  P1   3   2 -0.005993 -0.000619   -0.002511  0.004511   0.0060 264.105 0.0051 330.897
163.555  P1   3   3  0.004378 -0.007747   -0.006017 -0.004748   0.0089 150.530 0.0076 231.722
163.555  P1   4   0 -0.000686 -0.007895    0.000000  0.000000   0.0079 184.965 0.0000   0.000
163.555  P1   4   1 -0.008445  0.002009   -0.000200 -0.001081   0.0086 283.381 0.0011 190.504
163.555  P1   4   2 -0.002151 -0.000456   -0.000362  0.003662   0.0022 258.022 0.0037 354.357
163.555  P1   4   3 -0.001173 -0.000684   -0.025869  0.020135   0.0014 239.741 0.0327 307.896
163.555  P1   4   4 -0.003373  0.001324    0.000395 -0.001242   0.0036 291.434 0.0013 162.360
163.555  P1   5   0 -0.007282  0.001540    0.000000  0.000000   0.0074 281.941 0.0000   0.000
163.555  P1   5   1  0.001146 -0.002903   -0.001002 -0.005645   0.0031 158.451 0.0057 190.065
163.555  P1   5   2  0.003909 -0.001071    0.000000  0.000055   0.0040 105.321 0.0001   0.233
163.555  P1   5   3  0.002416 -0.005523   -0.006075  0.001800   0.0060 156.378 0.0063 286.505
163.555  P1   5   4 -0.001537 -0.004596    0.001162 -0.001359   0.0048 198.496 0.0018 139.459
163.555  P1   5   5  0.000231  0.000758    0.001072 -0.001343   0.0008  16.932 0.0017 141.419
163.555  P1   6   0 -0.003819 -0.000549    0.000000  0.000000   0.0038 261.806 0.0000   0.000
163.555  P1   6   1  0.010667  0.000632   -0.002882  0.000576   0.0106  86.612 0.0029 281.292
163.555  P1   6   2  0.003894 -0.004596   -0.003858  0.001334   0.0060 139.724 0.0041 289.071
163.555  P1   6   3  0.006719  0.000156   -0.004114  0.001763   0.0067  88.672 0.0045 293.201
163.555  P1   6   4 -0.001534 -0.002027    0.001681 -0.001237   0.0025 217.115 0.0021 126.361
163.555  P1   6   5  0.004761  0.001006   -0.000771  0.003382   0.0048  78.070 0.0035 347.152
163.555  P1   6   6  0.000899  0.000512   -0.003377  0.002672   0.0010  60.342 0.0043 308.350
163.555  P1   7   0  0.005785 -0.002031    0.000000  0.000000   0.0061 109.345 0.0000   0.000
163.555  P1   7   1  0.008163 -0.000215   -0.001377  0.002506   0.0081  91.511 0.0028 331.210
163.555  P1   7   2  0.001304  0.000791    0.000549 -0.001896   0.0015  58.781 0.0020 163.847
163.555  P1   7   3  0.004895  0.001043    0.004036 -0.000116   0.0050  77.976 0.0040  91.638
163.555  P1   7   4  0.000248 -0.000970   -0.000915 -0.000923   0.0010 165.689 0.0013 224.724
163.555  P1   7   5 -0.000755  0.005121    0.000149 -0.001588   0.0052 351.614 0.0016 174.667
163.555  P1   7   6 -0.002164 -0.001507   -0.000182 -0.003017   0.0026 235.149 0.0030 183.450
163.555  P1   7   7 -0.002462  0.000595   -0.001308  0.000142   0.0025 283.573 0.0013 276.179
163.555  P1   8   0 -0.004030  0.000583    0.000000  0.000000   0.0041 278.227 0.0000   0.000
163.555  P1   8   1 -0.008900 -0.002808    0.000799 -0.000729   0.0093 252.492 0.0011 132.423
163.555  P1   8   2 -0.001324 -0.000158    0.001977  0.000906   0.0013 263.189 0.0022  65.379
163.555  P1   8   3 -0.002503 -0.001144    0.002305 -0.000105   0.0027 245.432 0.0023  92.608
163.555  P1   8   4 -0.000747 -0.002646    0.001226 -0.001158   0.0027 195.784 0.0017 133.360
163.555  P1   8   5 -0.000543 -0.002086   -0.000907 -0.000339   0.0021 194.595 0.0010 249.513
163.555  P1   8   6 -0.000440  0.002354   -0.003000  0.003203   0.0024 349.409 0.0044 316.868
163.555  P1   8   7 -0.001213  0.001882   -0.000039 -0.000226   0.0022 327.197 0.0002 189.737
163.555  P1   8   8 -0.002092 -0.000001   -0.000429 -0.000475   0.0021 269.986 0.0006 222.016
163.555  P1   9   0 -0.000626  0.000103    0.000000  0.000000   0.0006 279.372 0.0000   0.000
163.555  P1   9   1  0.001358  0.003957    0.000430 -0.002026   0.0042  18.948 0.0021 168.012
163.555  P1   9   2 -0.000060 -0.000332   -0.003751  0.002974   0.0003 190.361 0.0048 308.414
163.555  P1   9   3 -0.002069 -0.000084    0.001116  0.000362   0.0021 267.668 0.0012  72.055
163.555  P1   9   4 -0.002055 -0.000076    0.001770 -0.000428   0.0020 267.886 0.0018 103.592
163.555  P1   9   5 -0.000401 -0.000234    0.000104  0.000075   0.0005 239.709 0.0001  54.244
163.555  P1   9   6  0.000917 -0.001905   -0.001162  0.000751   0.0021 154.281 0.0014 302.874
163.555  P1   9   7  0.000996 -0.001285    0.000941  0.002016   0.0016 142.198 0.0022  25.029
163.555  P1   9   8 -0.001253  0.001633    0.000652  0.000751   0.0020 322.512 0.0010  40.945
163.555  P1   9   9 -0.001064  0.001516    0.001206  0.001333   0.0018 324.930 0.0018  42.157
163.555  P1  10   0  0.000729 -0.002084    0.000000  0.000000   0.0022 160.715 0.0000   0.000
163.555  P1  10   1  0.006278  0.002301    0.002282  0.000816   0.0067  69.866 0.0024  70.332
163.555  P1  10   2  0.000765 -0.000650    0.000186 -0.003119   0.0010 130.360 0.0031 176.591
163.555  P1  10   3 -0.000217  0.000736   -0.001138  0.001490   0.0008 343.548 0.0019 322.609
163.555  P1  10   4 -0.001618 -0.001187   -0.002412 -0.000190   0.0020 233.721 0.0024 265.502
163.555  P1  10   5 -0.000509  0.002179   -0.000470 -0.000364   0.0022 346.852 0.0006 232.290
163.555  P1  10   6  0.001947 -0.000283   -0.001857 -0.000242   0.0020  98.273 0.0019 262.569
163.555  P1  10   7 -0.002669 -0.001101    0.002979  0.000894   0.0029 247.587 0.0031  73.303
163.555  P1  10   8 -0.001172 -0.000676   -0.000303 -0.001151   0.0013 240.028 0.0012 194.774
163.555  P1  10   9  0.001208  0.000413   -0.000887  0.000180   0.0013  71.145 0.0009 281.439
163.555  P1  10  10 -0.001389  0.000157    0.001770  0.001056   0.0014 276.451 0.0021  59.175
164.555  S1   2   0 -0.037380 -0.013342    0.000000  0.000000   0.0397 250.358 0.0000   0.000
164.555  S1   2   1  0.016679  0.010967   -0.003873 -0.021105   0.0200  56.672 0.0215 190.399
164.555  S1   2   2  0.034582  0.037498    0.009756 -0.034478   0.0510  42.683 0.0359 164.202
164.555  S1   3   0 -0.023133  0.007259    0.000000  0.000000   0.0242 287.421 0.0000   0.000
164.555  S1   3   1 -0.121723  0.033011   -0.000794  0.002495   0.1262 285.174 0.0026 342.355
164.555  S1   3   2  0.001543  0.022433    0.011284 -0.005435   0.0225   3.935 0.0126 115.719
164.555  S1   3   3 -0.010300 -0.007883   -0.027386 -0.049892   0.0130 232.570 0.0570 208.762
164.555  S1   4   0  0.021543  0.016844    0.000000  0.000000   0.0273  51.978 0.0000   0.000
164.555  S1   4   1 -0.002374 -0.015421   -0.003761  0.027022   0.0156 188.751 0.0273 352.076
164.555  S1   4   2 -0.023047 -0.005322    0.001759  0.010569   0.0236 256.998 0.0107   9.446
164.555  S1   4   3 -0.024799  0.021384    0.023775  0.020270   0.0327 310.770 0.0312  49.549
164.555  S1   4   4 -0.001282  0.029115    0.004805 -0.008777   0.0291 357.480 0.0100 151.304
164.555  S1   5   0  0.018258 -0.004350    0.000000  0.000000   0.0188 103.404 0.0000   0.000
164.555  S1   5   1  0.022117 -0.031857    0.010025 -0.000805   0.0388 145.229 0.0100  94.591
164.555  S1   5   2  0.004750 -0.006136   -0.002770 -0.011095   0.0077 142.257 0.0115 194.019
164.555  S1   5   3 -0.020419 -0.000852   -0.003531  0.017519   0.0204 267.611 0.0179 348.606
164.555  S1   5   4  0.009222 -0.004159   -0.000550  0.015897   0.0101 114.271 0.0159 358.017
164.555  S1   5   5 -0.004455  0.041110    0.001064 -0.003234   0.0414 353.815 0.0034 161.798
164.555  S1   6   0 -0.002712 -0.011085    0.000000  0.000000   0.0115 193.747 0.0000   0.000
164.555  S1   6   1 -0.015324 -0.000829    0.002477 -0.008256   0.0154 266.903 0.0086 163.298
164.555  S1   6   2  0.004349 -0.012972   -0.005251  0.001317   0.0137 161.466 0.0054 284.079
164.555  S1   6   3 -0.007129 -0.013700   -0.017125 -0.009909   0.0155 207.489 0.0198 239.943
164.555  S1   6   4  0.001198  0.007444    0.003165  0.006932   0.0075   9.148 0.0076  24.543
164.555  S1   6   5  0.033545 -0.012549    0.000136  0.020180   0.0359 110.511 0.0202   0.384
164.555  S1   6   6 -0.000870  0.011297   -0.002045  0.016218   0.0114 355.597 0.0164 352.811
164.555  S1   7   0 -0.009120  0.016691    0.000000  0.000000   0.0190 331.348 0.0000   0.000
164.555  S1   7   1 -0.005219  0.019482    0.000132  0.003490   0.0202 345.002 0.0035   2.160
164.555  S1   7   2 -0.008906  0.008436   -0.002865  0.002137   0.0123 313.448 0.0036 306.710
164.555  S1   7   3  0.001352  0.003035   -0.005638 -0.009590   0.0033  24.023 0.0111 210.452
164.555  S1   7   4  0.002443  0.012491   -0.002851  0.003396   0.0128  11.065 0.0044 319.987
164.555  S1   7   5  0.006100 -0.002368    0.007296 -0.010503   0.0065 111.212 0.0128 145.214
164.555  S1   7   6 -0.007212 -0.011555    0.007216 -0.004694   0.0137 211.971 0.0086 123.045
164.555  S1   7   7  0.005617  0.011427   -0.001551  0.015104   0.0128  26.176 0.0152 354.137
164.555  S1   8   0 -0.000766  0.014856    0.000000  0.000000   0.0149 357.048 0.0000   0.000
164.555  S1   8   1  0.002886  0.006710    0.002065  0.000039   0.0073  23.272 0.0021  88.924
164.555  S1   8   2  0.001799  0.014503    0.007787  0.001680   0.0146   7.072 0.0079  77.826
164.555  S1   8   3  0.007654  0.005720   -0.000239 -0.000036   0.0095  53.230 0.0002 261.360
164.555  S1   8   4 -0.000600 -0.001085   -0.005191 -0.003571   0.0012 208.949 0.0063 235.474
164.555  S1   8   5 -0.007908  0.004785   -0.002618 -0.008938   0.0092 301.176 0.0093 196.325
164.555  S1   8   6 -0.000367 -0.005248    0.004695 -0.005251   0.0052 183.993 0.0070 138.199
164.555  S1   8   7 -0.007800 -0.007369   -0.000095 -0.005702   0.0107 226.625 0.0057 180.958
164.555  S1   8   8  0.002071 -0.005287   -0.002696  0.007247   0.0057 158.609 0.0077 339.594
164.555  S1   9   0  0.007423 -0.009708    0.000000  0.000000   0.0123 142.598 0.0000   0.000
164.555  S1   9   1 -0.006096 -0.004534   -0.003228 -0.001562   0.0076 233.361 0.0036 244.184
164.555  S1   9   2  0.006612 -0.004035    0.002424  0.005467   0.0077 121.394 0.0060  23.905
164.555  S1   9   3  0.005287  0.002268    0.001193  0.004870   0.0057  66.780 0.0050  13.771
164.555  S1   9   4  0.004158  0.003513    0.007834 -0.001950   0.0054  49.808 0.0080 103.975
164.555  S1   9   5  0.004998  0.001656    0.000251  0.006722   0.0052  71.662 0.0067   2.143
164.555  S1   9   6 -0.001414 -0.002123   -0.008145 -0.008774   0.0025 213.681 0.0120 222.874
164.555  S1   9   7  0.001590  0.008552    0.005688  0.004568   0.0087  10.533 0.0073  51.235
164.555  S1   9   8  0.005270  0.006774    0.009015 -0.004217   0.0085  37.880 0.0099 115.069
164.555  S1   9   9 -0.000574 -0.011198    0.008477  0.000868   0.0113 182.932 0.0085  84.152
164.555  S1  10   0  0.011407 -0.009375    0.000000  0.000000   0.0148 129.417 0.0000   0.000
164.555  S1  10   1 -0.004979 -0.005800    0.002800  0.005253   0.0076 220.645 0.0059  28.053
164.555  S1  10   2 -0.007677 -0.010496   -0.005038 -0.003252   0.0130 216.185 0.0060 237.164
164.555  S1  10   3 -0.005381  0.005867    0.000443  0.005988   0.0079 317.471 0.0060   4.233
164.555  S1  10   4  0.002891  0.001318    0.000518 -0.000169   0.0032  65.494 0.0005 108.033
164.555  S1  10   5 -0.001539  0.002655    0.004288  0.000362   0.0031 329.896 0.0043  85.182
164.555  S1  10   6  0.000638 -0.005762    0.001439  0.001170   0.0058 173.683 0.0018  50.881
164.555  S1  10   7  0.006303  0.005965    0.001522 -0.001156   0.0086  46.580 0.0019 127.237
164.555  S1  10   8  0.003195 -0.003786   -0.004882  0.000563   0.0049 139.838 0.0049 276.577
164.555  S1  10   9 -0.001205  0.006038    0.000497 -0.010536   0.0061 348.714 0.0105 177.300
164.555  S1  10  10 -0.005486 -0.004657    0.003304  0.000731   0.0072 229.671 0.0034  77.512
164.555  S1  11   0  0.000036  0.008982    0.000000  0.000000   0.0089   0.231 0.0000   0.000
164.555  S1  11   1 -0.004254  0.001060   -0.002996  0.001158   0.0044 283.987 0.0032 291.130
164.555  S1  11   2 -0.003888 -0.001539    0.001179 -0.005735   0.0042 248.412 0.0058 168.383
164.555  S1  11   3 -0.005156 -0.000434   -0.004511 -0.002168   0.0052 265.191 0.0050 244.332
164.555  S1  11   4 -0.003685 -0.009459   -0.004001  0.000359   0.0101 201.279 0.0040 275.117
164.555  S1  11   5 -0.004544  0.002876   -0.001223 -0.004878   0.0054 302.326 0.0050 194.079
164.555  S1  11   6 -0.000589 -0.003667    0.001362  0.005972   0.0037 189.117 0.0061  12.848
164.555  S1  11   7  0.006747 -0.006079   -0.004109 -0.000456   0.0090 132.018 0.0041 263.666
164.555  S1  11   8  0.009386  0.005038    0.006180  0.003343   0.0106  61.776 0.0070  61.588
164.555  S1  11   9 -0.004377 -0.008336   -0.005241 -0.002775   0.0094 207.701 0.0059 242.100
164.555  S1  11  10  0.004501  0.001886   -0.005478 -0.001287   0.0049  67.259 0.0056 256.784
164.555  S1  11  11  0.002823  0.000364   -0.000128  0.011810   0.0028  82.660 0.0119 359.379
164.555  S1  12   0 -0.006950 -0.006376    0.000000  0.000000   0.0094 227.467 0.0000   0.000
164.555  S1  12   1  0.006099  0.002498   -0.000003  0.000712   0.0066  67.730 0.0007 359.727
164.555  S1  12   2  0.004522 -0.002545   -0.001862  0.005529   0.0052 119.373 0.0058 341.388
164.555  S1  12   3  0.004904 -0.001477   -0.003326 -0.004366   0.0051 106.760 0.0055 217.300
164.555  S1  12   4  0.001375 -0.000658   -0.000572  0.001188   0.0015 115.572 0.0013 334.314
164.555  S1  12   5  0.003206 -0.004671   -0.003659  0.005434   0.0056 145.531 0.0065 326.045
164.555  S1  12   6 -0.006663  0.004934   -0.001916 -0.000145   0.0083 306.524 0.0019 265.685
164.555  S1  12   7  0.000763 -0.000410    0.002068 -0.000470   0.0009 118.216 0.0021 102.795
164.555  S1  12   8  0.002072  0.001559    0.003168 -0.003529   0.0026  53.040 0.0047 138.080
164.555  S1  12   9  0.002046 -0.000755    0.005538  0.002633   0.0022 110.258 0.0061  64.570
164.555  S1  12  10 -0.007335 -0.003718   -0.002170 -0.004598   0.0082 243.120 0.0051 205.264
164.555  S1  12  11  0.008188  0.000203   -0.008380  0.000699   0.0082  88.583 0.0084 274.772
164.555  S1  12  12  0.000816  0.000642   -0.002645  0.005422   0.0010  51.774 0.0060 334.003
164.555  S1  13   0 -0.001514 -0.005435    0.000000  0.000000   0.0056 195.566 0.0000   0.000
164.555  S1  13   1  0.006282 -0.002406   -0.001232  0.000072   0.0067 110.954 0.0012 273.373
164.555  S1  13   2  0.000987 -0.000413   -0.001317  0.001910   0.0011 112.708 0.0023 325.397
164.555  S1  13   3  0.006182 -0.002234    0.006573  0.000405   0.0065 109.867 0.0066  86.480
164.555  S1  13   4  0.003624  0.004856   -0.001014  0.002937   0.0060  36.733 0.0031 340.958
164.555  S1  13   5  0.001135 -0.000436   -0.001065 -0.000049   0.0012 111.040 0.0011 267.360
164.555  S1  13   6 -0.001341  0.003134   -0.001090  0.001036   0.0034 336.829 0.0015 313.538
164.555  S1  13   7 -0.001919 -0.000574    0.000829 -0.002706   0.0020 253.348 0.0028 162.970
164.555  S1  13   8 -0.005519 -0.000246   -0.004784 -0.002671   0.0055 267.452 0.0055 240.825
164.555  S1  13   9 -0.003777  0.008188    0.002296 -0.007158   0.0090 335.238 0.0075 162.214
164.555  S1  13  10  0.001618  0.001481   -0.001487  0.004839   0.0022  47.546 0.0050 342.919
164.555  S1  13  11 -0.000556 -0.001151    0.002454  0.005417   0.0013 205.812 0.0059  24.371
164.555  S1  13  12  0.001336 -0.002692   -0.000688  0.003747   0.0030 153.613 0.0038 349.588
164.555  S1  13  13 -0.004716 -0.001787   -0.005090 -0.000692   0.0050 249.246 0.0051 262.259
164.555  S1  14   0 -0.000803  0.003202    0.000000  0.000000   0.0033 345.930 0.0000   0.000
164.555  S1  14   1 -0.003274 -0.001915   -0.001601 -0.005308   0.0038 239.677 0.0055 196.792
164.555  S1  14   2 -0.000433  0.007802   -0.000716 -0.000103   0.0078 356.826 0.0007 261.745
164.555  S1  14   3 -0.002090 -0.003173    0.003830  0.000597   0.0038 213.377 0.0039  81.153
164.555  S1  14   4  0.000704 -0.002075    0.001869 -0.000648   0.0022 161.259 0.0020 109.107
164.555  S1  14   5 -0.002434  0.000329    0.004328 -0.003575   0.0024 277.708 0.0056 129.554
164.555  S1  14   6  0.001178 -0.000682   -0.001471  0.001584   0.0014 120.085 0.0022 317.134
164.555  S1  14   7  0.000984  0.000336   -0.001648 -0.001737   0.0010  71.173 0.0024 223.504
164.555  S1  14   8 -0.001456 -0.003356   -0.000840 -0.003222   0.0036 203.440 0.0033 194.599
164.555  S1  14   9 -0.001570  0.000438   -0.006377 -0.001045   0.0016 285.601 0.0064 260.693
164.555  S1  14  10  0.002054  0.004883    0.001224 -0.001891   0.0053  22.817 0.0022 147.080
164.555  S1  14  11  0.001547 -0.005001   -0.004182  0.002750   0.0052 162.816 0.0050 303.338
164.555  S1  14  12  0.001584 -0.001141    0.004973  0.004958   0.0019 125.771 0.0070  45.090
164.555  S1  14  13 -0.004064  0.001053    0.006587  0.000071   0.0042 284.522 0.0066  89.376
164.555  S1  14  14 -0.005190 -0.000834    0.000829 -0.002863   0.0052 260.872 0.0030 163.859
164.555  S1  15   0  0.000548  0.004366    0.000000  0.000000   0.0044   7.162 0.0000   0.000
164.555  S1  15   1 -0.005151  0.003066    0.001744  0.000026   0.0060 300.759 0.0017  89.138
164.555  S1  15   2  0.004082  0.000745   -0.003080  0.000562   0.0041  79.654 0.0031 280.329
164.555  S1  15   3 -0.003378  0.000401   -0.002478 -0.000729   0.0034 276.761 0.0026 253.599
164.555  S1  15   4  0.001924 -0.002336    0.001983 -0.002168   0.0030 140.531 0.0029 137.552
164.555  S1  15   5 -0.000627 -0.002704    0.000651  0.001740   0.0028 193.045 0.0018  20.522
164.555  S1  15   6 -0.002316 -0.001363    0.002413 -0.001476   0.0027 239.520 0.0028 121.447
164.555  S1  15   7  0.002142  0.002725   -0.000536  0.001576   0.0035  38.163 0.0017 341.197
164.555  S1  15   8  0.001495 -0.000799    0.001564 -0.000015   0.0017 118.102 0.0016  90.534
164.555  S1  15   9  0.000360 -0.003678   -0.004345  0.001825   0.0037 174.420 0.0047 292.778
164.555  S1  15  10 -0.000665  0.000715   -0.002341 -0.002682   0.0010 317.092 0.0035 221.120
164.555  S1  15  11  0.003522  0.001964    0.004870 -0.000450   0.0040  60.860 0.0049  95.286
164.555  S1  15  12  0.000770 -0.001467   -0.000678 -0.004141   0.0016 152.297 0.0042 189.305
164.555  S1  15  13  0.002180 -0.002553    0.000186  0.000089   0.0033 139.515 0.0002  64.214
164.555  S1  15  14 -0.000183 -0.001448   -0.001579  0.000328   0.0015 187.182 0.0016 281.763
164.555  S1  15  15 -0.002555  0.001153   -0.000210 -0.002283   0.0028 294.298 0.0023 185.262
164.555  S1  16   0 -0.000546 -0.005653    0.000000  0.000000   0.0057 185.517 0.0000   0.000
164.555  S1  16   1  0.003185  0.002253    0.001411  0.004596   0.0039  54.733 0.0048  17.068
164.555  S1  16   2  0.003395 -0.005491   -0.000131 -0.002345   0.0064 148.267 0.0023 183.181
164.555  S1  16   3  0.001393  0.003291   -0.002799  0.001465   0.0036  22.945 0.0031 297.626
164.555  S1  16   4  0.000592 -0.000647   -0.001035 -0.000617   0.0009 137.576 0.0012 239.219
164.555  S1  16   5 -0.001322  0.002237   -0.006533  0.002380   0.0026 329.420 0.0069 290.011
164.555  S1  16   6 -0.001509  0.000421    0.000930 -0.001913   0.0016 285.590 0.0021 154.054
164.555  S1  16   7  0.000978  0.000873   -0.000206  0.003425   0.0013  48.273 0.0034 356.566
164.555  S1  16   8 -0.001108  0.001081   -0.001227  0.002991   0.0015 314.297 0.0032 337.686
164.555  S1  16   9 -0.002744  0.001465    0.002295  0.003595   0.0031 298.089 0.0042  32.552
164.555  S1  16  10  0.000604 -0.000119    0.001574  0.003621   0.0006 101.078 0.0039  23.500
164.555  S1  16  11 -0.003808 -0.004240    0.002254 -0.000836   0.0057 221.931 0.0024 110.348
164.555  S1  16  12 -0.001558 -0.001033    0.000801 -0.004106   0.0019 236.471 0.0042 168.971
164.555  S1  16  13 -0.005525  0.003114    0.001105 -0.008903   0.0063 299.406 0.0089 172.927
164.555  S1  16  14  0.002767 -0.003299   -0.001996 -0.003423   0.0043 140.008 0.0039 210.240
164.555  S1  16  15  0.005566 -0.003593   -0.003381  0.004219   0.0066 122.846 0.0054 321.286
164.555  S1  16  16  0.000832  0.004514    0.003602  0.001244   0.0046  10.437 0.0038  70.956
164.555  S1  17   0  0.000028 -0.005525    0.000000  0.000000   0.0055 179.704 0.0000   0.000
164.555  S1  17   1  0.001089 -0.001616   -0.000604  0.000982   0.0019 146.039 0.0011 328.419
164.555  S1  17   2 -0.002848 -0.002194    0.005018 -0.002891   0.0036 232.388 0.0058 119.947
164.555  S1  17   3  0.000064 -0.000475   -0.000378  0.001857   0.0005 172.302 0.0019 348.507
164.555  S1  17   4 -0.003908 -0.000920   -0.001345 -0.001376   0.0040 256.743 0.0019 224.332
164.555  S1  17   5 -0.000376  0.001182   -0.002990  0.001756   0.0012 342.361 0.0035 300.418
164.555  S1  17   6 -0.000444  0.000075   -0.003903 -0.001741   0.0004 279.618 0.0043 245.960
164.555  S1  17   7 -0.001021 -0.001678   -0.000322 -0.001556   0.0020 211.327 0.0016 191.695
164.555  S1  17   8 -0.000523  0.000496   -0.001017 -0.000249   0.0007 313.492 0.0010 256.257
164.555  S1  17   9 -0.002552 -0.000998   -0.001034 -0.000257   0.0027 248.637 0.0011 256.008
164.555  S1  17  10 -0.000895  0.000264   -0.000766  0.003145   0.0009 286.480 0.0032 346.299
164.555  S1  17  11  0.001839 -0.002870   -0.000591  0.002352   0.0034 147.341 0.0024 345.899
164.555  S1  17  12 -0.000737  0.001278    0.003976  0.000915   0.0015 330.003 0.0041  77.041
164.555  S1  17  13  0.003368 -0.000860   -0.002118  0.002864   0.0035 104.315 0.0035 323.513
164.555  S1  17  14  0.000285  0.001275   -0.000526  0.000748   0.0013  12.608 0.0009 324.874
164.555  S1  17  15  0.004115 -0.006656   -0.001572 -0.005128   0.0078 148.272 0.0053 197.039
164.555  S1  17  16  0.001717 -0.000966   -0.003973  0.000197   0.0020 119.380 0.0040 272.831
164.555  S1  17  17  0.001603  0.002819    0.002786 -0.001142   0.0032  29.626 0.0030 112.283
164.555  S1  18   0  0.001759 -0.002963    0.000000  0.000000   0.0034 149.300 0.0000   0.000
164.555  S1  18   1 -0.001893  0.000876   -0.002007 -0.002492   0.0021 294.827 0.0032 218.838
164.555  S1  18   2 -0.002149  0.002891   -0.000531  0.002948   0.0036 323.383 0.0030 349.783
164.555  S1  18   3 -0.000686 -0.002577    0.002082 -0.000194   0.0027 194.920 0.0021  95.310
164.555  S1  18   4 -0.000203  0.001318    0.000620 -0.000993   0.0013 351.250 0.0012 148.045
164.555  S1  18   5 -0.000519 -0.001915    0.001716 -0.000003   0.0020 195.183 0.0017  90.090
164.555  S1  18   6 -0.001433  0.001480   -0.000118  0.001436   0.0021 315.922 0.0014 355.336
164.555  S1  18   7 -0.002098 -0.000094   -0.000556 -0.000342   0.0021 267.431 0.0007 238.446
164.555  S1  18   8  0.000761  0.000935    0.000954  0.000591   0.0012  39.160 0.0011  58.257
164.555  S1  18   9 -0.000409 -0.002654    0.001479 -0.001602   0.0027 188.754 0.0022 137.295
164.555  S1  18  10  0.000179  0.000664   -0.001938 -0.000491   0.0007  15.100 0.0020 255.776
164.555  S1  18  11  0.000379 -0.001472    0.001600  0.001408   0.0015 165.585 0.0021  48.663
164.555  S1  18  12  0.004787 -0.000296   -0.000435  0.002645   0.0048  93.542 0.0027 350.661
164.555  S1  18  13  0.006485  0.005236    0.001217  0.001051   0.0083  51.081 0.0016  49.213
164.555  S1  18  14  0.001337  0.001879   -0.000610  0.004563   0.0023  35.428 0.0046 352.389
164.555  S1  18  15  0.000288  0.006411    0.001557  0.004840   0.0064   2.577 0.0051  17.836
164.555  S1  18  16  0.003281  0.003893    0.000248 -0.000538   0.0051  40.121 0.0006 155.290
164.555  S1  18  17 -0.004665  0.001107   -0.003724 -0.003048   0.0048 283.347 0.0048 230.700
164.555  S1  18  18 -0.000942 -0.003308    0.000992  0.000089   0.0034 195.897 0.0010  84.851
164.555  S1  19   0 -0.000822  0.009055    0.000000  0.000000   0.0091 354.816 0.0000   0.000
164.555  S1  19   1  0.001769  0.002192    0.001951 -0.000620   0.0028  38.900 0.0020 107.628
164.555  S1  19   2 -0.002324  0.003205   -0.003087  0.003835   0.0039 324.054 0.0049 321.167
164.555  S1  19   3 -0.000550  0.000301   -0.000032  0.000347   0.0006 298.675 0.0003 354.721
164.555  S1  19   4  0.000789  0.003070    0.001285  0.002619   0.0032  14.408 0.0029  26.130
164.555  S1  19   5 -0.000148  0.001307    0.000314 -0.002171   0.0013 353.546 0.0022 171.746
164.555  S1  19   6  0.001826  0.000852    0.002574  0.002219   0.0020  64.993 0.0034  49.225
164.555  S1  19   7 -0.000542 -0.001958    0.001373 -0.000379   0.0020 195.477 0.0014 105.420
164.555  S1  19   8 -0.000216  0.000941    0.003263  0.001603   0.0010 347.097 0.0036  63.826
164.555  S1  19   9 -0.002270  0.000269    0.002911 -0.001650   0.0023 276.760 0.0033 119.541
164.555  S1  19  10 -0.000083  0.001914    0.004227 -0.003668   0.0019 357.495 0.0056 130.958
164.555  S1  19  11 -0.002256 -0.000374    0.000152  0.000070   0.0023 260.585 0.0002  65.170
164.555  S1  19  12 -0.001262 -0.002766    0.001052 -0.002597   0.0030 204.513 0.0028 157.954
164.555  S1  19  13  0.001257 -0.001288   -0.000484 -0.006409   0.0018 135.684 0.0064 184.320
164.555  S1  19  14  0.005350 -0.000439    0.000409  0.003901   0.0053  94.687 0.0039   5.989
164.555  S1  19  15 -0.003966 -0.004407   -0.002353  0.000297   0.0059 221.985 0.0024 277.196
164.555  S1  19  16 -0.003004  0.001233   -0.003154 -0.000352   0.0032 292.310 0.0032 263.639
164.555  S1  19  17 -0.003521  0.006050    0.000600  0.003706   0.0070 329.802 0.0037   9.187
164.555  S1  19  18 -0.004263  0.002248   -0.001598 -0.001134   0.0048 297.805 0.0020 234.629
164.555  S1  19  19  0.000543 -0.004300   -0.000353  0.002583   0.0043 172.794 0.0026 352.233
164.555  S1  20   0 -0.000300  0.004220    0.000000  0.000000   0.0042 355.926 0.0000   0.000
164.555  S1  20   1  0.003759  0.000439    0.002637  0.000397   0.0038  83.335 0.0027  81.440
164.555  S1  20   2  0.002681  0.001418    0.000117 -0.000126   0.0030  62.112 0.0002 137.149
164.555  S1  20   3  0.000411  0.000661   -0.001714  0.000452   0.0008  31.891 0.0018 284.781
164.555  S1  20   4  0.002235  0.000861   -0.001694  0.001865   0.0024  68.933 0.0025 317.767
164.555  S1  20   5 -0.000192  0.000991    0.000238 -0.000030   0.0010 349.032 0.0002  97.312
164.555  S1  20   6  0.001905  0.001001   -0.000495 -0.001846   0.0021  62.257 0.0019 195.006
164.555  S1  20   7 -0.000757 -0.001218    0.000815  0.001552   0.0014 211.858 0.0017  27.702
164.555  S1  20   8  0.001672 -0.001165    0.000119 -0.000661   0.0020 124.873 0.0007 169.822
164.555  S1  20   9  0.000127  0.001477    0.001237  0.001381   0.0015   4.899 0.0018  41.837
164.555  S1  20  10  0.001582  0.000486    0.001387 -0.000672   0.0016  72.923 0.0015 115.839
164.555  S1  20  11  0.000161  0.002001   -0.002523 -0.001454   0.0020   4.585 0.0029 240.053
164.555  S1  20  12 -0.001691  0.001067    0.002290  0.001204   0.0020 302.256 0.0026  62.259
164.555  S1  20  13 -0.000098 -0.003191    0.001593 -0.001083   0.0032 181.764 0.0019 124.204
164.555  S1  20  14 -0.002615 -0.002065   -0.000069 -0.004639   0.0033 231.702 0.0046 180.857
164.555  S1  20  15  0.000080 -0.002822    0.003870  0.003484   0.0028 178.364 0.0052  48.011
164.555  S1  20  16  0.001483 -0.004036    0.001144 -0.002449   0.0043 159.830 0.0027 154.970
164.555  S1  20  17  0.002509 -0.000234   -0.003864 -0.000657   0.0025  95.321 0.0039 260.357
164.555  S1  20  18  0.001043  0.000022   -0.002538  0.003399   0.0010  88.785 0.0042 323.245
164.555  S1  20  19  0.000144  0.000721   -0.000909 -0.002027   0.0007  11.300 0.0022 204.168
164.555  S1  20  20  0.000107 -0.000354   -0.001394  0.002118   0.0004 163.025 0.0025 326.656
165.555  K1   2   0 -0.000555 -0.006506    0.000000  0.000000   0.0065 184.878 0.0000   0.000
165.555  K1   2   1  0.010371  0.011811   -0.005576 -0.003776   0.0157  41.285 0.0067 235.899
165.555  K1   2   2  0.000333  0.004604    0.003849 -0.001288   0.0046   4.140 0.0040 108.504
165.555  K1   3   0 -0.004487  0.011626    0.000000  0.000000   0.0125 338.895 0.0000   0.000
165.555  K1   3   1  0.011900  0.002668   -0.004100 -0.002573   0.0122  77.364 0.0048 237.893
165.555  K1   3   2  0.007763  0.007986    0.001488 -0.001454   0.0111  44.188 0.0021 134.337
165.555  K1   3   3 -0.011803  0.007311    0.007371  0.000026   0.0139 301.774 0.0073  89.800
165.555  K1   4   0  0.001602  0.001000    0.000000  0.000000   0.0019  58.024 0.0000   0.000
165.555  K1   4   1 -0.008896  0.003239    0.000153  0.000239   0.0094 290.003 0.0003  32.546
165.555  K1   4   2  0.004483  0.001169    0.001653 -0.003786   0.0046  75.382 0.0041 156.405
165.555  K1   4   3 -0.004919 -0.002975    0.028627 -0.018342   0.0057 238.831 0.0340 122.648
165.555  K1   4   4  0.000251 -0.001730   -0.000667 -0.001353   0.0017 171.725 0.0015 206.221
165.555  K1   5   0 -0.000144 -0.000642    0.000000  0.000000   0.0007 192.644 0.0000   0.000
165.555  K1   5   1 -0.004004 -0.001119   -0.001182  0.001917   0.0041 254.384 0.0022 328.322
165.555  K1   5   2 -0.006096 -0.000839    0.001730  0.001052   0.0061 262.169 0.0020  58.697
165.555  K1   5   3 -0.006307  0.002066    0.005643 -0.001043   0.0066 288.139 0.0057 100.468
165.555  K1   5   4  0.003610  0.006502   -0.003610 -0.001309   0.0074  29.040 0.0038 250.072
165.555  K1   5   5  0.003330 -0.002519   -0.000547  0.000922   0.0042 127.115 0.0011 329.286
165.555  K1   6   0  0.001835  0.004513    0.000000  0.000000   0.0049  22.133 0.0000   0.000
165.555  K1   6   1  0.012505 -0.012466    0.002520  0.003459   0.0177 134.910 0.0043  36.081
165.555  K1   6   2 -0.000940  0.000719    0.000245  0.001666   0.0012 307.409 0.0017   8.382
165.555  K1   6   3 -0.000942  0.000474    0.003974 -0.000922   0.0010 296.719 0.0041 103.071
165.555  K1   6   4  0.001521 -0.000225   -0.001357  0.003067   0.0015  98.412 0.0033 336.128
165.555  K1   6   5 -0.000612  0.002200   -0.001168 -0.000340   0.0023 344.464 0.0012 253.814
165.555  K1   6   6 -0.001761 -0.000328    0.001003 -0.003956   0.0018 259.417 0.0041 165.763
165.555  K1   7   0 -0.001964  0.004065    0.000000  0.000000   0.0045 334.216 0.0000   0.000
165.555  K1   7   1 -0.004426 -0.000860    0.003003 -0.001066   0.0045 259.007 0.0032 109.536
165.555  K1   7   2  0.001599  0.000147   -0.000433 -0.000183   0.0016  84.754 0.0005 247.115
165.555  K1   7   3 -0.002837 -0.002439   -0.003529 -0.000554   0.0037 229.315 0.0036 261.066
165.555  K1   7   4 -0.002932 -0.000530    0.000462  0.001836   0.0030 259.747 0.0019  14.131
165.555  K1   7   5  0.003817 -0.004128   -0.001682  0.001076   0.0056 137.250 0.0020 302.612
165.555  K1   7   6  0.001413  0.001995   -0.000994  0.004334   0.0024  35.317 0.0044 347.080
165.555  K1   7   7  0.000471  0.001388   -0.000856 -0.001296   0.0015  18.768 0.0015 213.433
165.555  K1   8   0 -0.001459 -0.005148    0.000000  0.000000   0.0053 195.822 0.0000   0.000
165.555  K1   8   1 -0.006634  0.012527    0.001396  0.000741   0.0142 332.096 0.0016  62.043
165.555  K1   8   2  0.000707 -0.000307   -0.000668 -0.000229   0.0008 113.503 0.0007 251.076
165.555  K1   8   3 -0.000020  0.001940   -0.004680  0.000292   0.0019 359.398 0.0047 273.574
165.555  K1   8   4  0.002748  0.004177   -0.002635  0.001490   0.0050  33.342 0.0030 299.494
165.555  K1   8   5  0.000560 -0.000849    0.003293  0.000254   0.0010 146.579 0.0033  85.592
165.555  K1   8   6 -0.001511 -0.002988    0.003682 -0.001491   0.0033 206.819 0.0040 112.036
165.555  K1   8   7  0.002727  0.003327    0.002356  0.002873   0.0043  39.347 0.0037  39.350
165.555  K1   8   8  0.000213  0.001907    0.000467 -0.001210   0.0019   6.360 0.0013 158.918
165.555  K1   9   0  0.004701  0.000295    0.000000  0.000000   0.0047  86.406 0.0000   0.000
165.555  K1   9   1 -0.001420  0.001311    0.000583  0.000319   0.0019 312.702 0.0007  61.229
165.555  K1   9   2 -0.002732  0.000517    0.001702 -0.000775   0.0028 280.718 0.0019 114.513
165.555  K1   9   3  0.002967  0.002748    0.001054 -0.000836   0.0040  47.192 0.0013 128.407
165.555  K1   9   4  0.001658 -0.001154   -0.002136 -0.001318   0.0020 124.831 0.0025 238.317
165.555  K1   9   5  0.001636  0.004132   -0.001312 -0.000763   0.0044  21.611 0.0015 239.808
165.555  K1   9   6 -0.001433 -0.000724    0.001488 -0.003311   0.0016 243.203 0.0036 155.802
165.555  K1   9   7 -0.000764  0.001770    0.001417 -0.000920   0.0019 336.655 0.0017 122.994
165.555  K1   9   8  0.002552 -0.001140    0.001661  0.001260   0.0028 114.068 0.0021  52.829
165.555  K1   9   9 -0.001175  0.000391   -0.001832 -0.001353   0.0012 288.378 0.0023 233.550
165.555  K1  10   0  0.001151 -0.001412    0.000000  0.000000   0.0018 140.815 0.0000   0.000
165.555  K1  10   1  0.002333 -0.003528    0.001110 -0.001256   0.0042 146.513 0.0017 138.518
165.555  K1  10   2 -0.000327 -0.000798   -0.002219  0.000418   0.0009 202.326 0.0022 280.662
165.555  K1  10   3  0.001493  0.000515    0.002162  0.000880   0.0016  70.961 0.0023  67.843
165.555  K1  10   4 -0.002376 -0.002384    0.000906  0.000583   0.0034 224.900 0.0011  57.227
165.555  K1  10   5  0.003242  0.000902   -0.000614  0.000816   0.0033  74.457 0.0010 323.067
165.555  K1  10   6 -0.000698 -0.002095    0.000762 -0.000069   0.0022 198.431 0.0008  95.171
165.555  K1  10   7  0.001555  0.000407   -0.002374 -0.002565   0.0016  75.354 0.0035 222.768
165.555  K1  10   8  0.002403 -0.000075    0.001254  0.000127   0.0024  91.804 0.0013  84.225
165.555  K1  10   9 -0.002265 -0.001414    0.001097 -0.000847   0.0027 238.020 0.0014 127.668
165.555  K1  10  10  0.000575  0.001450   -0.001505  0.001620   0.0016  21.631 0.0022 317.130
272.556  T2   2   0  0.001608 -0.000453    0.000000  0.000000   0.0017 105.730 0.0000   0.000
272.556  T2   2   1  0.002115 -0.001926    0.000092 -0.000010   0.0028 132.304 0.0001  96.233
272.556  T2   2   2  0.001229 -0.028738    0.000007  0.000001   0.0287 177.552 0.0000  80.543
272.556  T2   3   0  0.000271  0.000272    0.000000  0.000000   0.0004  44.880 0.0000   0.000
272.556  T2   3   1  0.001404 -0.001924    0.000264  0.000197   0.0024 143.880 0.0003  53.332
272.556  T2   3   2 -0.012800 -0.022963   -0.000003 -0.000009   0.0263 209.136 0.0000 197.736
272.556  T2   3   3  0.002896 -0.000225   -0.000078 -0.000166   0.0029  94.449 0.0002 205.207
272.556  T2   4   0 -0.002488  0.001430    0.000000  0.000000   0.0029 299.896 0.0000   0.000
272.556  T2   4   1  0.002417 -0.001067    0.000009  0.000253   0.0026 113.822 0.0003   2.032
272.556  T2   4   2  0.001332  0.009160    0.000011  0.000000   0.0092   8.272 0.0000  89.642
272.556  T2   4   3 -0.000141  0.002412    0.000063  0.000118   0.0024 356.653 0.0001  28.203
272.556  T2   4   4 -0.000235  0.000004   -0.000063 -0.000025   0.0002 270.957 0.0001 248.019
272.556  T2   5   0  0.000070 -0.000777    0.000000  0.000000   0.0008 174.833 0.0000   0.000
272.556  T2   5   1 -0.001563 -0.000550   -0.000100  0.000175   0.0016 250.605 0.0002 330.020
272.556  T2   5   2  0.002881  0.012510    0.000005  0.000008   0.0129  12.969 0.0000  32.775
272.556  T2   5   3 -0.001403  0.000109   -0.000050 -0.000009   0.0014 274.462 0.0001 259.804
272.556  T2   5   4 -0.000722  0.000506   -0.000042  0.000125   0.0009 305.056 0.0001 341.280
272.556  T2   5   5  0.000142  0.000066   -0.000026 -0.000014   0.0002  64.863 0.0000 240.994
272.556  T2   6   0  0.000134  0.000817    0.000000  0.000000   0.0008   9.264 0.0000   0.000
272.556  T2   6   1  0.000428  0.002000   -0.000093 -0.000023   0.0020  12.083 0.0001 256.077
272.556  T2   6   2  0.000484  0.000920    0.000002  0.000014   0.0010  27.736 0.0000   7.093
272.556  T2   6   3 -0.001272  0.000906   -0.000025  0.000034   0.0016 305.480 0.0000 323.825
272.556  T2   6   4  0.000279 -0.000202    0.000092  0.000035   0.0003 125.878 0.0001  69.161
272.556  T2   6   5 -0.000061 -0.000217    0.000003  0.000018   0.0002 195.626 0.0000  10.920
272.556  T2   6   6  0.000005 -0.000004    0.000007  0.000011   0.0000 130.254 0.0000  32.710
272.556  T2   7   0 -0.000447  0.000897    0.000000  0.000000   0.0010 333.527 0.0000   0.000
272.556  T2   7   1 -0.000162  0.000570    0.000067 -0.000080   0.0006 344.107 0.0001 139.876
272.556  T2   7   2  0.001793  0.003883   -0.000006 -0.000004   0.0043  24.781 0.0000 232.911
272.556  T2   7   3  0.000913 -0.001847    0.000069 -0.000035   0.0021 153.688 0.0001 116.745
272.556  T2   7   4 -0.000245 -0.000544   -0.000038  0.000048   0.0006 204.241 0.0001 321.139
272.556  T2   7   5 -0.000064  0.000118   -0.000014 -0.000012   0.0001 331.171 0.0000 230.094
272.556  T2   7   6 -0.000009  0.000007   -0.000011 -0.000002   0.0000 308.516 0.0000 261.850
272.556  T2   7   7  0.000070 -0.000056    0.000011  0.000011   0.0001 128.500 0.0000  45.158
272.556  T2   8   0  0.001269 -0.001039    0.000000  0.000000   0.0016 129.284 0.0000   0.000
272.556  T2   8   1  0.000972 -0.000458    0.000038  0.000106   0.0011 115.241 0.0001  19.748
272.556  T2   8   2 -0.000206 -0.001774    0.000003 -0.000006   0.0018 186.620 0.0000 152.184
272.556  T2   8   3 -0.000692 -0.000476    0.000021 -0.000001   0.0008 235.480 0.0000  91.784
272.556  T2   8   4  0.000005  0.000218    0.000035  0.000071   0.0002   1.232 0.0001  26.215
272.556  T2   8   5  0.000181  0.000001   -0.000008 -0.000010   0.0002  89.791 0.0000 217.862
272.556  T2   8   6  0.000007 -0.000002    0.000011  0.000010   0.0000 102.238 0.0000  46.445
272.556  T2   8   7 -0.000067 -0.000020   -0.000005  0.000003   0.0001 253.298 0.0000 303.629
272.556  T2   8   8  0.000077 -0.000009    0.000025  0.000008   0.0001  96.641 0.0000  71.386
272.556  T2   9   0 -0.000150  0.000422    0.000000  0.000000   0.0004 340.490 0.0000   0.000
272.556  T2   9   1  0.000273  0.000521   -0.000090 -0.000020   0.0006  27.690 0.0001 257.309
272.556  T2   9   2  0.000566 -0.002150    0.000005  0.000014   0.0022 165.263 0.0000  18.490
272.556  T2   9   3 -0.000339 -0.000508    0.000012 -0.000017   0.0006 213.649 0.0000 144.226
272.556  T2   9   4  0.000765 -0.000738    0.000011 -0.000021   0.0011 133.993 0.0000 152.149
272.556  T2   9   5  0.000002 -0.000081   -0.000014  0.000020   0.0001 178.371 0.0000 325.112
272.556  T2   9   6 -0.000002 -0.000006    0.000002  0.000005   0.0000 194.512 0.0000  19.663
272.556  T2   9   7 -0.000002 -0.000014    0.000009  0.000020   0.0000 188.003 0.0000  24.762
272.556  T2   9   8  0.000020  0.000015    0.000006 -0.000032   0.0000  53.250 0.0000 169.680
272.556  T2   9   9  0.000031 -0.000008    0.000020 -0.000002   0.0000 104.233 0.0000  96.615
272.556  T2  10   0  0.000798 -0.000469    0.000000  0.000000   0.0009 120.462 0.0000   0.000
272.556  T2  10   1 -0.000315 -0.000948    0.000019 -0.000055   0.0010 198.384 0.0001 161.002
272.556  T2  10   2  0.001861  0.000012   -0.000008 -0.000001   0.0019  89.644 0.0000 266.075
272.556  T2  10   3 -0.001202 -0.000667   -0.000029 -0.000022   0.0014 240.992 0.0000 233.623
272.556  T2  10   4 -0.000284 -0.000248   -0.000044 -0.000017   0.0004 228.934 0.0000 248.832
272.556  T2  10   5 -0.000143  0.000076   -0.000026 -0.000004   0.0002 298.122 0.0000 261.576
272.556  T2  10   6  0.000000 -0.000005    0.000001  0.000006   0.0000 177.949 0.0000  11.437
272.556  T2  10   7 -0.000004  0.000008    0.000018  0.000009   0.0000 333.493 0.0000  62.453
272.556  T2  10   8  0.000033  0.000021   -0.000010  0.000005   0.0000  57.447 0.0000 294.805
272.556  T2  10   9 -0.000004  0.000028   -0.000015 -0.000001   0.0000 351.692 0.0000 267.037
272.556  T2  10  10 -0.000001  0.000005    0.000002 -0.000005   0.0000 350.826 0.0000 163.012
273.555  S2   2   0  0.037914 -0.005648    0.000000  0.000000   0.0384  98.474 0.0000   0.000
273.555  S2   2   1  0.007500 -0.019471    0.001966  0.002547   0.0209 158.934 0.0032  37.656
273.555  S2   2   2  0.212314 -0.525457    0.000000  0.000000   0.5667 157.999 0.0000   2.203
273.555  S2   3   0  0.004104 -0.000612    0.000000  0.000000   0.0041  98.471 0.0000   0.000
273.555  S2   3   1 -0.000542 -0.006533    0.000208  0.000989   0.0065 184.743 0.0010  11.845
273.555  S2   3   2  0.018115  0.020915    0.000000  0.000000   0.0276  40.898 0.0000 186.092
273.555  S2   3   3  0.009913  0.012575    0.000766 -0.001615   0.0160  38.251 0.0018 154.612
273.555  S2   4   0 -0.003884  0.000579    0.000000  0.000000   0.0039 278.473 0.0000   0.000
273.555  S2   4   1 -0.006658  0.001710   -0.001060  0.000040   0.0068 284.398 0.0011 272.195
273.555  S2   4   2 -0.026655  0.079603    0.000000  0.000000   0.0840 341.486 0.0000 186.161
273.555  S2   4   3  0.009747 -0.002733    0.001129  0.000055   0.0101 105.666 0.0011  87.205
273.555  S2   4   4 -0.006600  0.005413   -0.003164 -0.001906   0.0085 309.361 0.0037 238.949
273.555  S2   5   0 -0.012241  0.001823    0.000000  0.000000   0.0124 278.474 0.0000   0.000
273.555  S2   5   1 -0.000271  0.001375   -0.000100 -0.000191   0.0014 348.847 0.0002 207.744
273.555  S2   5   2 -0.003647  0.000201    0.000000  0.000000   0.0036 273.157 0.0000 353.840
273.555  S2   5   3  0.002783  0.004366    0.000194 -0.000544   0.0052  32.516 0.0006 160.365
273.555  S2   5   4  0.004373  0.008317    0.001352 -0.003835   0.0094  27.734 0.0040 160.586
273.555  S2   5   5  0.006106 -0.001303    0.005186  0.000872   0.0062 102.047 0.0052  80.460
273.555  S2   6   0  0.009912 -0.001477    0.000000  0.000000   0.0100  98.474 0.0000   0.000
273.555  S2   6   1 -0.007288 -0.005012   -0.000857  0.001062   0.0088 235.482 0.0014 321.096
273.555  S2   6   2 -0.003615  0.001398    0.000000  0.000000   0.0039 291.143 0.0000  21.244
273.555  S2   6   3  0.001486 -0.003791    0.000256  0.000376   0.0041 158.598 0.0005  34.268
273.555  S2   6   4  0.000307  0.002824   -0.000045 -0.001229   0.0028   6.211 0.0012 182.107
273.555  S2   6   5 -0.000121  0.000062   -0.000103 -0.000048   0.0001 297.424 0.0001 245.106
273.555  S2   6   6  0.007783 -0.000517    0.007783  0.000516   0.0078  93.801 0.0078  86.201
273.555  S2   7   0 -0.001547  0.000230    0.000000  0.000000   0.0016 278.474 0.0000   0.000
273.555  S2   7   1  0.000519  0.008271   -0.000287 -0.001245   0.0083   3.592 0.0013 192.991
273.555  S2   7   2  0.007819 -0.000185    0.000000  0.000000   0.0078  91.351 0.0000 155.130
273.555  S2   7   3 -0.014435 -0.006295   -0.001414  0.001044   0.0158 246.437 0.0018 306.430
273.555  S2   7   4 -0.004501  0.000741   -0.001974 -0.000036   0.0045 279.358 0.0020 268.958
273.555  S2   7   5  0.001072  0.002290    0.000818 -0.001967   0.0025  25.087 0.0021 157.418
273.555  S2   7   6  0.001375 -0.004503    0.001375  0.004503   0.0047 163.019 0.0047  16.984
273.555  S2   7   7  0.003913 -0.002751    0.003764  0.002537   0.0048 125.117 0.0045  56.014
273.555  S2   8   0 -0.000283  0.000042    0.000000  0.000000   0.0003 278.434 0.0000   0.000
273.555  S2   8   1  0.000933  0.003354   -0.000010 -0.000536   0.0035  15.550 0.0005 181.022
273.555  S2   8   2  0.002640 -0.000242    0.000000  0.000000   0.0026  95.246 0.0000 248.768
273.555  S2   8   3  0.000129  0.002472   -0.000047 -0.000272   0.0025   2.986 0.0003 189.879
273.555  S2   8   4 -0.001602  0.000530   -0.000719 -0.000127   0.0017 288.325 0.0007 259.985
273.555  S2   8   5  0.003451  0.000483    0.002886 -0.000533   0.0035  82.028 0.0029 100.477
273.555  S2   8   6 -0.001727 -0.001092   -0.001726  0.001092   0.0020 237.687 0.0020 302.315
273.555  S2   8   7 -0.001066  0.002575   -0.001060 -0.002424   0.0028 337.507 0.0026 203.624
273.555  S2   8   8  0.002610  0.000386    0.002432 -0.000434   0.0026  81.583 0.0025 100.117
273.555  S2   9   0  0.004286 -0.000639    0.000000  0.000000   0.0043  98.474 0.0000   0.000
273.555  S2   9   1  0.003694  0.004473    0.000349 -0.000824   0.0058  39.549 0.0009 157.055
273.555  S2   9   2  0.004630 -0.000530    0.000000  0.000000   0.0046  96.530 0.0000 229.642
273.555  S2   9   3  0.004264  0.000650    0.000448 -0.000177   0.0043  81.337 0.0005 111.529
273.555  S2   9   4  0.002025  0.001612    0.000766 -0.000817   0.0026  51.473 0.0011 136.845
273.555  S2   9   5  0.001172  0.000505    0.000968 -0.000468   0.0013  66.674 0.0011 115.821
273.555  S2   9   6  0.000098  0.001922    0.000098 -0.001922   0.0019   2.932 0.0019 177.072
273.555  S2   9   7 -0.004009  0.000872   -0.003822 -0.000752   0.0041 282.267 0.0039 258.863
273.555  S2   9   8 -0.002314  0.000562   -0.002182 -0.000461   0.0024 283.632 0.0022 258.064
273.555  S2   9   9 -0.000419 -0.001345   -0.000394  0.001320   0.0014 197.288 0.0014 343.407
273.555  S2  10   0 -0.001191  0.000178    0.000000  0.000000   0.0012 278.489 0.0000   0.000
273.555  S2  10   1 -0.000768  0.005489   -0.000356 -0.000777   0.0055 352.029 0.0009 204.557
273.555  S2  10   2  0.001325  0.005011    0.000000  0.000000   0.0052  14.813 0.0000  82.459
273.555  S2  10   3  0.000488 -0.001952    0.000101  0.000200   0.0020 165.968 0.0002  26.923
273.555  S2  10   4  0.000841 -0.001229    0.000437  0.000473   0.0015 145.611 0.0006  42.694
273.555  S2  10   5  0.000535 -0.001173    0.000494  0.000967   0.0013 155.487 0.0011  27.034
273.555  S2  10   6  0.001636 -0.000646    0.001636  0.000646   0.0018 111.539 0.0018  68.458
273.555  S2  10   7 -0.000326  0.000999   -0.000328 -0.000942   0.0010 341.910 0.0010 199.232
273.555  S2  10   8  0.000224  0.001809    0.000160 -0.001700   0.0018   7.068 0.0017 174.640
273.555  S2  10   9  0.001671 -0.000628    0.001641  0.000594   0.0018 110.579 0.0017  70.112
273.555  S2  10  10  0.000544  0.000875    0.000544 -0.000875   0.0010  31.903 0.0010 148.086
274.554  R2   2   0  0.001610 -0.000098    0.000000  0.000000   0.0016  93.515 0.0000   0.000
274.554  R2   2   1  0.000849 -0.000465    0.000311  0.000133   0.0010 118.720 0.0003  66.943
274.554  R2   2   2 -0.011071  0.000505    0.000012  0.000007   0.0110 272.614 0.0000  57.436
274.554  R2   3   0  0.000205 -0.000405    0.000000  0.000000   0.0005 153.199 0.0000   0.000
274.554  R2   3   1  0.001418 -0.002686    0.000229  0.000185   0.0030 152.170 0.0003  51.122
274.554  R2   3   2 -0.000825 -0.017162   -0.000002  0.000020   0.0172 182.750 0.0000 355.727
274.554  R2   3   3  0.000312  0.004754    0.000119 -0.000062   0.0047   3.761 0.0001 117.478
274.554  R2   4   0 -0.002803 -0.000513    0.000000  0.000000   0.0028 259.619 0.0000   0.000
274.554  R2   4   1 -0.000613 -0.002041    0.000307  0.000030   0.0021 196.716 0.0003  84.478
274.554  R2   4   2 -0.002217  0.004510   -0.000012 -0.000005   0.0050 333.823 0.0000 245.726
274.554  R2   4   3 -0.000029 -0.000881   -0.000118 -0.000154   0.0009 181.920 0.0002 217.450
274.554  R2   4   4 -0.000407  0.000356   -0.000029  0.000018   0.0005 311.118 0.0000 300.972
274.554  R2   5   0  0.000336  0.000728    0.000000  0.000000   0.0008  24.759 0.0000   0.000
274.554  R2   5   1 -0.001238 -0.001141   -0.000137  0.000119   0.0017 227.334 0.0002 310.773
274.554  R2   5   2 -0.001720  0.005806   -0.000003 -0.000018   0.0060 343.500 0.0000 188.856
274.554  R2   5   3 -0.000860  0.001120   -0.000066 -0.000003   0.0014 322.494 0.0001 267.338
274.554  R2   5   4 -0.000595 -0.000931   -0.000099 -0.000019   0.0011 212.566 0.0001 259.205
274.554  R2   5   5 -0.000105  0.000068    0.000025 -0.000022   0.0001 302.874 0.0000 131.778
274.554  R2   6   0 -0.000132 -0.000813    0.000000  0.000000   0.0008 189.173 0.0000   0.000
274.554  R2   6   1 -0.000864  0.000463   -0.000032 -0.000251   0.0010 298.223 0.0003 187.224
274.554  R2   6   2  0.001548  0.001710    0.000006 -0.000008   0.0023  42.175 0.0000 143.745
274.554  R2   6   3 -0.000794 -0.000244   -0.000076 -0.000033   0.0008 252.914 0.0001 246.398
274.554  R2   6   4  0.000608 -0.000585    0.000055  0.000013   0.0008 133.902 0.0001  76.964
274.554  R2   6   5 -0.000035 -0.000058   -0.000002  0.000045   0.0001 211.133 0.0000 358.070
274.554  R2   6   6  0.000001  0.000008   -0.000012  0.000000   0.0000   3.444 0.0000 271.798
274.554  R2   7   0 -0.000716 -0.000715    0.000000  0.000000   0.0010 225.026 0.0000   0.000
274.554  R2   7   1  0.000765  0.000564   -0.000051 -0.000071   0.0009  53.636 0.0001 215.712
274.554  R2   7   2 -0.000403  0.000562   -0.000003 -0.000003   0.0007 324.360 0.0000 218.011
274.554  R2   7   3  0.001699  0.000066    0.000063  0.000069   0.0017  87.773 0.0001  42.211
274.554  R2   7   4 -0.000403 -0.000217    0.000000  0.000070   0.0005 241.674 0.0001   0.318
274.554  R2   7   5 -0.000061  0.000052   -0.000022 -0.000009   0.0001 310.457 0.0000 248.178
274.554  R2   7   6  0.000006 -0.000007    0.000014 -0.000001   0.0000 140.077 0.0000  94.261
274.554  R2   7   7  0.000027 -0.000030    0.000030  0.000019   0.0000 137.976 0.0000  57.335
274.554  R2   8   0  0.001540  0.000571    0.000000  0.000000   0.0016  69.672 0.0000   0.000
274.554  R2   8   1  0.000158 -0.000980    0.000133  0.000014   0.0010 170.848 0.0001  83.824
274.554  R2   8   2 -0.000358 -0.000172    0.000001  0.000004   0.0004 244.343 0.0000  15.048
274.554  R2   8   3  0.000443 -0.000294   -0.000013  0.000043   0.0005 123.592 0.0000 343.104
274.554  R2   8   4  0.000121 -0.000722    0.000001 -0.000021   0.0007 170.527 0.0000 177.008
274.554  R2   8   5 -0.000013  0.000064    0.000035 -0.000023   0.0001 348.238 0.0000 123.188
274.554  R2   8   6 -0.000007  0.000011   -0.000009 -0.000006   0.0000 327.938 0.0000 236.216
274.554  R2   8   7  0.000002 -0.000022   -0.000018  0.000010   0.0000 174.561 0.0000 300.612
274.554  R2   8   8  0.000059 -0.000040    0.000032 -0.000004   0.0001 124.092 0.0000  97.920
274.554  R2   9   0 -0.000290 -0.000364    0.000000  0.000000   0.0005 218.610 0.0000   0.000
274.554  R2   9   1 -0.000632  0.000419    0.000004 -0.000068   0.0008 303.566 0.0001 176.667
274.554  R2   9   2  0.001968 -0.000856   -0.000003 -0.000002   0.0021 113.513 0.0000 231.429
274.554  R2   9   3  0.000397  0.000123   -0.000008  0.000025   0.0004  72.906 0.0000 341.923
274.554  R2   9   4  0.000119  0.000073    0.000121  0.000062   0.0001  58.184 0.0001  62.644
274.554  R2   9   5 -0.000067 -0.000083    0.000006  0.000021   0.0001 219.274 0.0000  15.475
274.554  R2   9   6  0.000000  0.000005   -0.000010 -0.000002   0.0000   0.923 0.0000 257.690
274.554  R2   9   7 -0.000003 -0.000056   -0.000002 -0.000001   0.0001 183.172 0.0000 246.443
274.554  R2   9   8  0.000022  0.000051    0.000006 -0.000011   0.0001  23.367 0.0000 151.042
274.554  R2   9   9  0.000032 -0.000006    0.000012  0.000010   0.0000 101.241 0.0000  50.685
274.554  R2  10   0  0.000912  0.000161    0.000000  0.000000   0.0009  79.976 0.0000   0.000
274.554  R2  10   1  0.000238  0.000343   -0.000008  0.000107   0.0004  34.787 0.0001 355.851
274.554  R2  10   2  0.001658  0.000378    0.000005  0.000003   0.0017  77.183 0.0000  53.428
274.554  R2  10   3 -0.000524  0.000787   -0.000040  0.000040   0.0009 326.329 0.0001 315.134
274.554  R2  10   4 -0.000283  0.000340   -0.000019  0.000039   0.0004 320.086 0.0000 333.979
274.554  R2  10   5 -0.000100  0.000040   -0.000033 -0.000001   0.0001 291.887 0.0000 268.109
274.554  R2  10   6 -0.000003  0.000006   -0.000001 -0.000002   0.0000 332.507 0.0000 206.543
274.554  R2  10   7  0.000016 -0.000061   -0.000001  0.000012   0.0001 165.390 0.0000 355.930
274.554  R2  10   8 -0.000020 -0.000017    0.000012 -0.000017   0.0000 229.699 0.0000 145.038
274.554  R2  10   9 -0.000030  0.000029   -0.000013 -0.000018   0.0000 313.812 0.0000 215.627
274.554  R2  10  10  0.000002 -0.000004    0.000006  0.000003   0.0000 154.892 0.0000  60.237
